20 96 108 109 118 197 212 237 340 355 495 520 552 618 706 816 948 1018 1099 1142 1147 1175 1241 1546 1547 1549 1619 1651 1679 1698 1753 1754 1789 1831 1864 1919 2031 2068 2109 2153 2306 2339 2399 2402 2462 2550 2577 2590 2749 2809 2871 3053 3067 3081 3101 3102 3153 3316 3374 3380 3397 3454 3485 3607 3620 3871 3909 3936 4085 4128 4143 4184 4251 4286 4315 4330 4337 4365 4370 4402 4513 4515 4601 4608 4646 4743 4873 4937 
241 251 275 297 346 362 382 390 501 522 801 833 997 1029 1031 1054 1072 1091 1094 1153 1327 1338 1343 1360 1578 1769 1781 1819 1925 1965 2004 2044 2058 2063 2151 2311 2409 2438 2686 2818 2826 2845 2858 2874 2909 2925 3008 3021 3033 3062 3082 3100 3203 3306 3440 3511 3570 3674 3789 3792 3830 3839 3863 3869 3905 4009 4046 4087 4113 4153 4168 4358 4586 4593 4604 4610 4654 4659 4663 4787 4810 4969 4999 
89 171 174 250 306 363 364 402 407 413 469 660 751 762 913 917 979 1148 1165 1238 1320 1423 1445 1512 1537 1634 1703 1742 1868 1906 1957 2154 2210 2419 2426 2495 2640 2722 2724 2745 2779 2817 2898 2900 2905 2916 2919 2926 2927 2996 3023 3147 3328 3405 3407 3546 3682 3683 3686 3744 3748 3761 3991 4067 4090 4188 4299 4369 4471 4725 4761 4794 4837 4898 4949 4953 4957 
119 196 259 392 448 533 536 593 604 624 655 656 748 851 868 1171 1227 1282 1307 1408 1425 1565 1675 1710 1862 1898 1953 1994 1995 2157 2172 2218 2319 2404 2425 2427 2486 2601 2666 2744 2776 3061 3112 3178 3235 3290 3448 3502 3521 3660 3685 3731 3775 3802 3967 4006 4049 4170 4232 4264 4431 4462 4467 4477 4600 4685 4707 4741 4764 4800 4940 
39 52 92 112 223 227 279 387 410 550 579 734 1012 1205 1315 1587 1648 1680 1861 1896 1938 1954 2002 2207 2442 2596 2652 2719 2726 2778 2869 2870 2897 2908 2910 2918 3004 3025 3121 3168 3219 3267 3293 3381 3421 3453 3630 3643 3689 3703 3893 3900 3906 3949 3997 4005 4073 4151 4292 4427 4449 4458 4540 4651 4655 4672 4680 4686 4822 4838 4934 
54 72 81 173 179 617 700 705 788 855 861 907 946 1032 1195 1264 1488 1609 1721 1828 1832 1912 1936 2059 2115 2174 2365 2369 2401 2423 2479 2517 2520 2561 2576 2604 2907 2913 3130 3139 3224 3254 3331 3706 3797 3907 3947 3959 3982 4077 4179 4195 4245 4320 4367 4447 4511 4537 4635 4694 4803 4860 
5 65 74 132 167 181 202 330 396 406 503 647 670 676 728 832 843 847 910 923 1130 1188 1220 1305 1342 1398 1415 1473 1509 1642 1668 1676 1727 1784 1785 1934 2234 2266 2307 2585 2689 2694 2710 2787 2944 3151 3270 3589 3665 3766 3780 3812 3816 3950 3954 3963 3971 3972 4780 4984 
35 338 606 615 893 919 931 1061 1103 1160 1173 1226 1319 1323 1339 1386 1394 1447 1463 1464 1479 1516 1528 1830 1845 1944 2127 2201 2238 2273 2410 2489 2512 2542 2676 2688 2697 2792 2954 2977 2980 3134 3223 3240 3245 3336 3478 3597 3693 3874 3915 3987 3988 4258 4400 4587 4652 4721 4852 
266 295 437 488 551 578 596 897 1046 1141 1204 1433 1497 1529 1530 1778 1846 1867 1924 2071 2098 2100 2126 2377 2386 2430 2623 2648 2873 2928 2933 2943 2981 3181 3445 3462 3494 3560 3615 3640 3773 3844 3916 3952 4020 4061 4080 4158 4273 4572 4742 4813 4832 4857 4926 4959 
12 13 62 183 225 233 489 510 512 809 882 978 992 1119 1198 1295 1592 1604 1718 1760 1768 1773 2092 2168 2171 2314 2383 2436 2466 2527 2687 2822 3042 3157 3159 3198 3259 3302 3456 3473 3571 3616 3622 3903 3995 4475 4579 4585 4674 4677 4753 4888 4902 4904 4975 
210 215 267 277 299 356 494 662 778 779 794 796 902 999 1024 1084 1469 1567 1813 1894 1931 1979 2129 2159 2219 2485 2578 2599 2620 2627 2825 2852 2875 2882 3166 3200 3208 3366 3383 3655 3778 3822 3862 3964 4110 4198 4217 4262 4304 4332 4438 4603 4719 4939 
14 131 133 199 372 395 401 408 459 463 532 588 768 791 927 971 1144 1456 1489 1540 1695 1724 1779 1824 2075 2180 2191 2308 2435 2446 2508 2698 2718 3084 3092 3326 3339 3525 3759 3962 3990 4169 4269 4278 4284 4343 4378 4491 4505 4568 4738 4757 4759 
162 204 205 368 440 633 690 1097 1100 1132 1210 1400 1438 1611 1686 1758 1876 1956 1960 2001 2074 2215 2222 2237 2239 2309 2480 2555 2672 2741 2747 2823 2859 3020 3047 3146 3246 3252 3268 3289 3422 3764 3836 4041 4136 4302 4308 4334 4520 4770 4866 4885 4896 
17 41 53 66 87 146 256 367 586 673 684 714 813 834 985 1038 1071 1166 1352 1440 1466 1745 1874 2027 2073 2246 2856 2958 2989 3002 3019 3189 3248 3251 3272 3406 3412 3492 3543 3656 3747 3784 3877 3931 4001 4322 4403 4550 4736 4767 4791 4918 
42 213 214 268 506 514 517 523 642 657 906 1016 1041 1500 1534 1593 1657 1726 1795 1814 1818 1826 1886 1908 2083 2113 2173 2346 2511 2554 2593 2700 2883 2891 2923 3228 3400 3459 3508 3696 3741 3769 3919 4017 4099 4112 4180 4185 4247 4383 4543 4609 
25 158 229 383 423 439 531 598 621 743 752 1068 1115 1191 1636 1713 1857 1881 2138 2176 2193 2229 2272 2277 2412 2531 2535 2876 2914 2950 3034 3080 3299 3631 3694 3698 3768 3956 4032 4058 4074 4133 4178 4377 4500 4525 4623 4630 4639 4988 4990 4991 
170 195 249 327 361 394 420 434 465 746 954 958 1077 1117 1139 1203 1221 1269 1364 1625 1662 2260 2389 2477 2524 2595 2725 2797 2929 2968 2991 3003 3007 3227 3335 3408 3486 3670 3913 3955 3970 4083 4172 4357 4439 4532 4631 4683 4756 4781 4846 4951 
30 193 280 344 431 432 683 721 722 749 787 880 961 994 1128 1219 1228 1246 1248 1418 1451 1854 2269 2448 2540 2580 2612 2861 2920 2936 3035 3048 3115 3204 3237 3266 3286 3294 3469 3507 3585 3770 3798 3827 3934 4060 4325 4394 4536 4632 4997 
216 219 220 224 236 252 370 697 711 729 742 761 1048 1292 1302 1345 1379 1414 1531 1605 2025 2039 2048 2251 2375 2490 2499 2501 2774 2801 3072 3313 3505 3533 3534 3535 3539 3811 3852 4075 4287 4314 4335 4530 4578 4580 4748 4829 4840 4887 
100 209 335 451 539 601 826 932 941 1060 1211 1288 1330 1348 1373 1404 1419 1470 1614 1643 1656 1812 1849 1872 1952 2006 2080 2313 2337 2403 2608 2647 2662 2824 2912 3022 3103 3202 3356 3373 3614 3639 3641 3713 3929 4206 4503 4668 4714 4720 
115 194 203 570 582 623 668 820 1111 1112 1140 1424 1458 1588 1591 1615 1733 1816 1891 2061 2226 2334 2359 2415 2575 2636 2641 2657 2707 2711 2770 2924 2952 2987 3091 3099 3169 3514 3697 3918 3928 3958 3977 4118 4119 4142 4645 4653 4722 4867 
151 156 161 318 454 464 521 648 745 867 1000 1008 1361 1402 1446 1490 1496 1555 1594 1613 1618 1708 1738 1850 2105 2240 2324 2371 2382 2592 2605 2663 2673 3278 3491 3564 3608 3668 3690 3756 3898 3948 4002 4052 4271 4417 4669 4779 4925 4947 
78 184 288 629 818 828 915 926 972 975 1006 1057 1124 1131 1193 1234 1499 1683 1764 1882 1901 1948 1959 1978 2209 2470 2796 2867 2955 2992 3341 3442 3472 3520 3563 3583 3675 3705 4026 4057 4092 4372 4422 4541 4607 4634 4773 4815 4914 4955 
106 246 270 498 529 631 707 741 759 766 793 853 904 1176 1259 1263 1266 1335 1403 1431 1519 1580 1598 1678 1792 2032 2125 2303 2338 2384 2579 2634 2904 3079 3359 3435 3647 3667 3681 3826 3891 3998 4053 4166 4340 4428 4452 4922 4966 4976 
8 206 248 258 269 289 430 698 769 976 1025 1052 1213 1252 1276 1482 1723 1735 1746 1980 2010 2233 2241 2274 2286 2327 2391 2407 2441 2548 2752 2755 2758 2805 3281 3363 3452 3527 3544 3808 3886 4031 4102 4283 4303 4305 4324 4856 4933 4972 
84 221 257 391 518 622 859 908 974 1062 1109 1159 1267 1280 1322 1504 1681 1729 1855 1877 1902 2177 2270 2344 2433 2513 2768 2836 3148 3173 3225 3291 3321 3490 3549 3605 3661 3710 3712 3803 4072 4116 4215 4231 4384 4562 4584 4774 4982 
16 159 388 591 619 645 872 1039 1256 1550 1626 1629 1809 2038 2135 2148 2202 2645 2793 2848 2893 3355 3417 3426 3431 3530 3552 3582 3598 3688 3732 3800 3837 3853 3858 3933 3957 4000 4079 4216 4414 4481 4492 4567 4727 4755 4816 4848 4946 
40 240 301 400 483 526 715 856 881 894 1201 1273 1542 1582 1655 1671 1672 1907 1915 1930 2026 2042 2449 2534 2868 2880 2948 3056 3078 3119 3137 3322 3334 3385 3413 3476 3513 3581 3828 3908 3914 4104 4132 4436 4656 4701 4760 4862 4891 
253 319 467 481 704 968 1022 1316 1328 1356 1660 1731 1797 1909 1951 2295 2301 2341 2457 2839 2884 2888 3142 3186 3280 3300 3323 3522 3523 3547 3559 3567 3573 3832 3849 3895 4030 4078 4165 4310 4341 4399 4435 4485 4616 4819 4824 4876 4961 
22 226 242 263 381 565 806 965 988 1225 1285 1297 1532 1610 1783 1810 2134 2208 2283 2298 2443 2476 2560 2842 2877 2911 2932 3010 3310 3332 3403 3536 3574 3611 3788 3831 3882 3894 4109 4364 4389 4396 4591 4629 4684 4812 4875 4879 
36 94 160 304 508 538 685 930 1026 1108 1174 1251 1362 1576 1631 1964 1969 2023 2206 2345 2586 2615 2736 2786 2802 2807 2847 3060 3253 3262 3304 3318 3351 3392 3411 3423 3551 3724 3777 3809 3815 3824 3829 4240 4359 4368 4649 4775 
9 152 278 285 482 525 866 938 1036 1069 1070 1106 1194 1595 1596 1667 1759 1763 1922 2064 2170 2304 2370 2447 2469 2541 2819 3088 3106 3402 3467 3561 3596 3663 3749 4042 4056 4094 4228 4253 4288 4316 4366 4456 4618 4718 4890 4985 
10 27 67 110 296 298 343 502 548 812 980 991 1034 1136 1180 1196 1589 1640 1646 1827 1917 2007 2053 2606 2659 2693 2830 3017 3097 3117 3352 3384 3441 3590 3637 3872 3985 4012 4039 4111 4122 4139 4174 4196 4277 4872 4889 
154 182 187 191 450 452 457 468 475 492 669 682 687 877 940 1043 1923 2248 2563 2702 2715 2732 2813 2881 2940 2959 2961 3096 3375 3424 3479 3557 3725 3726 3742 3746 4029 4114 4233 4263 4504 4514 4524 4549 4679 4702 4751 
76 192 230 331 380 476 611 637 857 878 1090 1093 1154 1358 1685 1743 2139 2175 2276 2325 2330 2455 2667 2671 2894 2938 2994 3144 3194 3447 3463 3487 3652 3776 3799 3941 3978 3986 4021 4186 4328 4416 4457 4723 4793 4869 4970 
44 73 444 453 472 616 701 785 898 967 1005 1083 1278 1350 1653 1661 1690 1770 1869 1933 1939 2252 2261 2421 2496 2643 2683 2691 2728 3018 3242 3349 3372 3716 3846 3881 3989 4192 4265 4274 4293 4321 4544 4592 4796 4921 4936 
47 49 140 231 286 509 735 750 815 945 982 1011 1105 1382 1383 1521 1523 1533 1700 1739 1748 1802 1895 2165 2290 2329 2544 2551 2789 2790 2915 3288 3301 3308 3804 3843 4070 4238 4338 4356 4379 4388 4660 4696 4705 4730 4901 
163 232 284 447 458 519 675 692 694 937 943 1300 1314 1334 1505 1536 1564 1756 1942 1950 2116 2186 2350 2494 2614 2619 2840 3013 3083 3368 3388 3499 3888 3996 4014 4022 4097 4291 4493 4506 4551 4693 4706 4870 4878 4942 
127 274 357 389 426 824 899 1002 1028 1118 1384 1388 1508 1535 1617 1620 1639 1701 2120 2190 2533 2538 2628 2708 3075 3120 3342 3393 3394 3438 3538 3922 4004 4034 4038 4218 4317 4361 4548 4573 4594 4687 4697 4744 4989 4995 
321 325 455 569 625 627 849 1107 1341 1421 1663 1664 1793 2052 2087 2183 2223 2305 2507 2539 2742 2759 2791 2815 2838 2965 2998 2999 3122 3128 3526 3565 3715 3722 3765 3787 4027 4226 4437 4473 4496 4615 4641 4828 4831 4859 
82 428 524 527 562 821 863 920 1045 1168 1208 1260 1331 1432 1437 1799 1916 2016 2065 2091 2101 2189 2211 2275 2519 2712 2814 2922 2963 3039 3124 3193 3230 3250 3307 3443 3833 4010 4222 4236 4331 4345 4410 4460 4647 4754 
2 29 68 176 528 605 680 713 782 858 879 918 1329 1511 1561 1572 1751 1889 1996 2009 2017 2192 2372 2754 2832 3049 3109 3185 3531 3767 3814 3890 3994 4096 4117 4145 4211 4225 4249 4270 4329 4528 4534 4704 4956 
88 177 290 294 300 393 411 540 576 646 756 964 1448 1517 1607 1622 1787 1860 1870 1961 2056 2429 2603 2846 3068 3233 3353 3382 3576 3612 3677 3714 3924 4093 4100 4161 4181 4197 4350 4425 4602 4614 4619 4821 4924 
123 175 312 574 688 720 736 783 883 886 960 1014 1079 1200 1222 1485 1852 2015 2019 2028 2081 2158 2254 2255 2625 2692 2781 2810 2872 3135 3190 3311 3524 3632 3672 3842 3884 4050 4063 4404 4411 4535 4542 4570 4763 
50 235 243 247 260 302 324 663 962 1081 1101 1123 1125 1164 1177 1393 1460 1569 1712 2084 2123 2188 2348 2388 2411 2454 2635 2812 2831 3041 3094 3362 3586 3707 3835 3857 3896 3926 4013 4130 4210 4362 4392 4920 4930 
148 348 405 421 484 678 689 710 854 874 884 905 939 1129 1223 1303 1452 1507 1515 1520 1584 1732 1883 1890 1937 1943 2000 2149 2179 2271 2279 2328 3161 3498 3548 3734 3779 3860 3927 4556 4766 4886 4927 4980 
34 113 155 422 610 691 1078 1254 1309 1380 1395 1472 1510 1568 1599 1777 1856 1911 1986 2086 2230 2280 2288 2291 2296 2396 2493 2630 2849 2935 3040 3303 3367 3371 3545 3575 3684 3873 3974 4016 4590 4650 4698 4806 
11 57 79 124 143 218 584 658 758 770 981 1073 1308 1426 1491 1506 1749 1821 1873 1991 2624 2783 2964 2978 3014 3024 3036 3087 3221 3365 3398 3409 3418 3477 3489 3806 4146 4254 4393 4413 4463 4799 4929 
15 56 135 313 341 470 626 1075 1284 1333 1468 1481 1711 1766 2085 2194 2231 2516 2834 2886 2960 3037 3176 3213 3721 3735 3737 3818 3993 4003 4043 4149 4189 4207 4219 4398 4405 4423 4577 4670 4983 4992 
83 99 165 404 530 612 640 661 987 1122 1179 1376 1465 1761 1765 1982 2035 2118 2131 2242 2293 2503 2637 2661 2727 2748 2827 2890 2906 3140 3217 3420 3484 3904 3910 4281 4508 4523 4795 4843 4944 4993 
186 244 317 342 513 845 1033 1056 1116 1192 1301 1347 1363 1612 1865 1985 2119 2323 2357 2380 2434 2552 2572 2582 2584 2828 2860 2939 3255 3333 3638 3666 3925 3942 3992 4176 4266 4307 4374 4691 4703 4919 
18 134 359 545 771 780 795 916 1064 1086 1104 1121 1261 1318 1366 1406 1647 1725 1815 2352 2472 2600 2617 2843 3045 3085 3162 3226 3458 3649 3786 3856 4182 4229 4259 4355 4363 4665 4671 4673 4798 4903 
37 46 384 620 797 885 1051 1088 1242 1271 1274 1275 1325 1544 1717 1875 2079 2090 2143 2364 2420 2638 2821 2937 2951 2972 3110 3218 3360 3389 3481 3851 3975 4101 4120 4252 4407 4569 4598 4599 4986 
337 345 419 461 716 723 807 1003 1027 1217 1224 1250 1370 1744 1833 2013 2014 2020 2021 2054 2130 2282 2510 2521 2545 2816 3052 3069 3951 4064 4069 4088 4298 4347 4559 4563 4582 4644 4818 4864 4865 
104 471 496 585 638 1074 1243 1272 1603 1786 1974 1984 2029 2110 2150 2256 2556 2650 3038 3043 3070 3261 3274 3348 3396 3509 3793 3801 3889 4015 4089 4107 4313 4326 4450 4552 4561 4581 4636 4826 4847 
347 417 500 599 607 635 909 966 1294 1296 1396 1755 1800 1885 2200 2205 2292 2413 2428 2463 2484 2685 2714 2804 2837 2862 2901 2921 3073 3129 3160 3284 3309 3401 3506 3658 3680 4256 4564 4880 4973 
26 547 571 589 727 947 1299 1326 1477 1715 1728 1859 1878 1884 2095 2228 2335 2400 2414 2607 2631 2945 2957 3030 3167 3175 3427 3566 3569 3606 3912 3937 3945 3961 4453 4479 4657 4688 4808 4811 
121 351 557 573 724 819 873 949 1127 1231 1441 1449 1583 1736 1847 1863 1941 2362 2368 2464 2785 2865 3125 3370 3515 3542 3594 3628 3745 3840 4115 4156 4200 4319 4441 4466 4965 4968 4974 
77 180 185 332 543 803 1013 1229 1232 1475 1548 1740 2012 2018 2096 2525 2530 2743 2794 3071 3086 3105 3145 3264 3330 3528 3592 3593 3619 3782 3834 3864 4059 4105 4159 4183 4529 4554 4633 
33 287 515 567 755 831 1047 1236 1522 1644 1645 1791 1989 2045 2049 2088 2302 2405 2569 2598 3059 3132 3314 3387 3436 3733 3823 3976 4296 4354 4381 4596 4605 4622 4626 4882 4908 4911 4987 
91 254 271 310 480 641 1065 1286 1498 1526 1586 1652 1673 1687 1798 1888 1963 1967 2022 2069 2076 2342 2417 2439 3211 3292 3579 3691 3720 3738 3979 4108 4257 4446 4476 4517 4834 4910 
136 328 336 504 583 632 667 839 1080 1230 1354 1355 1365 1367 1616 1879 2265 2669 2753 2879 3369 3379 3390 3404 3444 3623 3673 3699 4147 4157 4387 4443 4637 4662 4681 4716 4943 4952 
24 45 305 360 374 375 564 784 892 1015 1021 1240 1543 1557 2310 2321 2354 2547 2567 2857 2979 3093 3150 3347 3377 3577 3627 3709 3718 3819 3939 4121 4187 4360 4401 4664 4699 4734 
48 61 354 435 560 643 649 672 848 1004 1087 1317 1590 1623 1632 1750 1775 1844 1866 2103 2140 2166 2184 2416 2474 2660 2680 2917 2985 3172 3180 3532 3751 3911 4135 4260 4516 4547 
385 486 825 888 1035 1385 1392 1762 1932 1997 2037 2055 2156 2312 2326 2367 2379 2406 2536 2543 2549 2654 2738 2841 3298 3437 3562 3662 3902 3983 4137 4323 4336 4418 4658 4894 4923 
6 32 164 397 490 493 556 628 702 1270 1277 1492 1654 1737 1805 1839 1900 2072 2167 2185 2258 2465 2574 2591 2639 2703 2733 2984 3090 3263 3601 4539 4643 4728 4790 4801 4884 
157 329 377 449 609 651 693 1019 1133 1371 1988 2005 2136 2204 2422 2498 2588 2621 2653 2665 2990 3170 3220 3234 3414 3501 3587 3642 3700 3717 3875 4054 4202 4448 4465 4675 
4 97 281 414 595 817 1040 1190 1291 1298 1321 1553 1597 1704 1807 1976 2112 2161 2300 2322 2502 2589 2983 3212 3325 3391 3451 3465 3584 3704 3981 4036 4746 4855 4967 4978 
43 85 142 412 549 572 577 744 933 1076 1145 1149 1215 1336 1381 1462 1602 1835 1848 2089 2178 2343 2424 2675 3143 3364 3626 3679 3880 3887 4279 4391 4558 4678 4905 4907 
7 141 308 546 555 558 1471 1774 1780 1808 1983 2033 2051 2117 2297 2299 2366 2487 2528 2644 2772 2803 3057 3076 3279 3602 3817 4076 4406 4555 4627 4676 4750 4758 4777 4833 
21 55 473 681 790 889 1126 1143 1184 1399 1560 1570 1574 1692 1697 1803 1880 1892 1935 2077 2142 2397 2491 2597 2767 2946 3182 3361 3410 3609 3865 3883 4177 4191 4998 
1 125 737 763 767 814 1459 1556 1606 1637 1788 1918 1920 2267 2317 2568 2854 3009 3108 3199 3201 3461 3625 3728 3752 3838 4098 4129 4244 4246 4280 4290 4349 4611 4709 
63 86 265 283 307 479 587 695 712 774 810 841 1098 1185 1197 1206 1265 1372 1734 1962 1971 1981 2523 2565 2594 2829 3104 3921 4071 4084 4140 4150 4429 4782 
445 590 671 739 901 1095 1262 1351 1357 1621 1741 1871 1928 1975 2132 2137 2358 2374 2896 2995 3001 3131 3269 3338 3470 3480 3496 3678 4155 4212 4223 4430 4954 
217 315 516 731 864 936 1085 1110 1461 1945 2152 2169 2224 2227 2244 2398 2756 2773 2775 2808 2866 2953 3000 3015 3177 3540 3644 3653 3965 4138 4261 4294 4419 
198 320 365 379 511 776 781 798 846 870 1007 1066 1102 1311 1454 2212 2690 2695 2895 2962 3027 3249 3317 3519 3613 3702 4289 4424 4478 4713 4789 4807 4963 
38 234 581 597 677 984 1053 1310 1313 1353 1378 1484 1817 1841 1843 2082 2094 2232 2610 3133 3256 3399 3415 3617 4194 4214 4385 4397 4420 4526 4560 4642 4941 
272 427 460 474 499 747 1349 1665 1705 1706 1772 2468 2482 2526 2537 2558 2721 2737 2763 2800 3051 3244 3258 3282 3340 3343 3743 3938 4024 4382 4386 4412 4595 
262 425 429 592 757 844 887 1044 1161 1422 1577 1674 1794 1836 1842 1921 2024 2235 2360 2473 2892 3111 3247 3260 3337 3429 3807 4154 4175 4409 4487 4827 
98 107 172 415 541 561 568 827 914 934 944 1135 1151 1255 1579 2471 2488 2622 2903 3012 3046 3136 3265 3659 4019 4028 4160 4221 4306 4461 4531 4733 
116 129 349 636 1063 1137 1233 1247 1369 1436 1635 1688 1693 1972 2093 2214 2642 2664 2723 3066 3187 3276 3350 3475 3754 4025 4205 4309 4625 4724 4797 4917 
166 291 416 424 608 666 686 775 802 928 983 1092 1306 1834 1840 2225 2497 2684 3158 3416 3482 3848 3968 4268 4553 4557 4689 4715 4772 4900 4909 
188 456 719 804 1268 1429 1442 1478 1630 1699 2195 2315 2332 2475 2509 2757 3116 3222 3504 3554 3610 3771 4055 4066 4173 4248 4295 4518 4521 4575 4752 
23 70 208 679 1554 1559 1633 1829 2047 2197 2349 2553 2564 2629 2750 2782 3354 3517 3650 3825 3845 4035 4062 4134 4171 4230 4344 4628 4648 4912 
0 139 1049 1096 1290 2030 2144 2163 2284 2294 2450 2515 2668 2885 3149 3164 3188 3669 3854 3943 4065 4190 4239 4297 4371 4380 4470 4489 4892 4979 
101 366 442 709 837 1216 1346 1434 1518 1851 1992 2111 2259 2492 2633 2681 2730 2731 2930 3460 3497 3510 3719 3821 3953 4311 4408 4482 4494 4495 
875 1186 1237 1374 1514 1563 1914 1966 1993 1998 2062 2066 2070 2381 2461 2478 2864 3449 3603 3618 3645 3727 3729 4267 4546 4690 4729 4768 4814 4851 
255 808 922 989 1244 1689 1702 1767 1970 2036 2734 2735 2740 2761 2780 2966 2988 3054 3114 3156 3229 3232 3500 3783 3999 4235 4373 4421 4805 4861 
128 138 398 399 732 786 890 952 1245 1293 1416 1666 1858 1904 2602 2971 2976 3215 3327 3488 3604 3753 3946 4162 4318 4459 4621 4708 4747 4895 
103 282 644 929 1545 2121 2145 2378 2408 2460 2504 2699 2784 2799 2902 3032 3191 3419 3516 3855 3879 4193 4312 4353 4483 4740 4778 4823 4825 
71 114 126 261 378 403 903 942 1134 1157 1324 1405 1910 1968 2353 2445 2947 2967 3184 3210 3595 3629 3646 3708 4103 4533 4597 4735 4853 
353 443 575 800 955 1150 1169 1279 1483 1669 2431 2440 2646 2949 3138 3209 3493 3556 3740 3762 3885 3940 4033 4227 4275 4490 4501 4749 
90 117 309 534 563 924 1162 1163 1401 1410 1417 1455 1476 1624 1837 2046 2278 2557 2853 2931 3395 3446 3553 3969 4454 4624 4765 4996 
130 144 211 485 630 652 840 852 1009 1502 1999 2181 2245 2331 2771 2777 2820 2899 2941 3297 3425 3471 3529 3973 4346 4455 4817 4938 
222 1067 1207 1312 1641 1796 2220 2250 2351 2658 3029 3077 3273 3296 3386 3428 3466 3624 3755 3861 3980 4301 4445 4498 4571 4717 4868 
311 491 860 862 1113 1114 1167 1258 1368 1453 1562 2164 2674 2709 2765 2934 3074 3179 3207 3537 3791 3966 4106 4123 4242 4243 4488 
238 322 466 602 764 830 895 957 986 1050 1420 1566 1581 1691 1804 2363 2385 2459 2746 3329 3464 3794 4141 4241 4285 4574 4588 
19 409 418 650 900 1409 1747 1776 1806 1820 2108 2141 2373 2392 2677 2706 2760 2889 3044 3275 3283 3795 4068 4883 4913 4932 
634 726 738 765 805 935 1010 1344 1375 1391 1757 2287 2529 2863 3126 3163 3205 3450 3555 3841 3850 4086 4512 4620 4950 
352 477 505 754 823 1120 1189 1257 1439 1541 1600 1677 2106 2289 2587 2716 3358 3763 3781 4081 4583 4666 4785 4935 4977 
959 998 1287 1304 1513 1627 1927 1940 1955 1990 2060 2133 2182 2618 3305 3723 3870 3920 4224 4538 4667 4710 4830 4858 4958 
3 93 169 639 753 911 1152 1390 1407 1551 1658 1682 1905 2387 2467 2573 2982 3165 3295 3868 4204 4327 4617 4726 4842 
120 150 276 386 653 1538 1601 1650 1771 1926 2122 2162 2199 2316 2432 2452 2506 2679 2705 2795 2833 3107 3457 3897 4091 
190 441 559 912 1435 1782 1790 2008 2198 2570 2762 3192 3236 3243 3346 3599 3847 4276 4376 4472 4480 4737 4881 4948 
147 772 1058 1170 1811 1958 2155 2217 2340 2361 2394 2522 3113 3123 3878 3901 4126 4201 4375 4432 4468 4613 4692 4771 
264 292 462 850 865 953 1823 2040 2187 2682 2696 2717 2835 3005 3241 3324 3633 3711 4144 4148 4213 4220 4352 4395 
239 303 544 1138 1387 1397 1495 1716 1838 2347 2704 2969 3214 3434 3512 3621 3671 4199 4464 4510 4519 4802 4809 
64 153 376 537 674 836 1487 1719 2221 2336 2546 3095 3344 3376 3635 3730 3859 4300 4348 4783 4874 4893 
105 600 733 740 921 1235 1239 1427 1887 2034 2393 2701 2942 2973 2993 3031 3155 3287 3588 3591 3600 4612 
273 433 950 996 1055 1158 1527 1694 2057 2147 2253 2626 2713 3174 3432 3687 3695 4507 4836 4849 4854 4981 
334 580 613 703 811 1155 1212 1752 1897 1977 2003 2500 2514 2532 3271 3558 3692 4047 4545 4731 4745 
871 951 1183 2102 2481 2655 2670 3006 3063 3141 3238 3503 3578 3648 3984 4333 4527 4566 4732 4916 4962 
189 350 358 371 876 1059 1359 1474 2146 2505 2632 2751 2970 3152 3518 3541 3785 3935 4008 4964 
566 799 963 1042 1202 1524 1801 2011 2355 2571 2729 3739 4051 4237 4474 4711 4769 4835 4841 4945 
51 58 200 792 1178 1428 1573 1585 1709 1722 2097 2268 2333 2739 2997 3050 3064 3239 3312 3345 
31 487 708 822 1001 1209 1253 1987 2257 2720 2887 3127 3154 3774 3960 4415 4426 4845 4899 4928 
178 446 1146 1608 1720 2243 2262 2518 2656 3231 3257 3657 3676 3813 4164 4712 4792 4820 4994 
168 293 973 1289 1430 1947 2213 2356 2453 2458 3016 3750 3772 3876 3944 4124 4125 4589 
149 339 438 603 869 970 1249 1714 2067 2678 2766 2769 3433 3664 3805 4045 4565 4863 
323 730 1182 1283 1552 1696 1973 2124 2281 2581 2844 2850 3089 3285 3474 4250 4762 4877 
28 59 145 436 478 1539 2376 2566 2616 2651 2811 3065 3483 4037 4433 4434 4606 
314 835 1199 1486 1503 1707 1893 2247 3011 3932 4018 4040 4048 4163 4282 4788 4804 
1412 1525 1638 1659 1822 2216 2562 2649 2788 2798 2855 3580 3701 3867 4082 4444 4844 
553 554 1281 2437 2559 2609 3026 3098 3118 3315 3378 3866 4044 4442 4739 4850 
333 497 990 1181 2078 2114 2160 3757 3796 3820 4203 4234 4484 4638 4897 4906 
664 789 829 925 977 1480 1494 1730 2320 2451 2483 2878 3055 4272 4486 4576 
245 326 542 1340 1501 1946 2196 2851 2974 4011 4255 4499 4682 4915 4971 
122 369 507 659 896 1037 1411 1899 2318 2806 2956 3430 3572 4007 4131 
69 1493 1558 1628 2041 2050 2264 2444 2456 3171 3196 3568 3790 3917 4700 
665 699 717 838 1377 1571 1853 2043 2285 2395 2764 3892 4095 4390 4640 
102 594 842 993 1089 1413 1457 1684 1929 2583 3277 4208 4497 4839 
80 228 891 995 1389 1444 3028 3216 3495 3736 3899 3930 4784 
696 760 773 1017 1332 1670 2611 2986 3455 3758 3923 4931 
95 207 718 969 1020 1337 1913 2418 3468 4209 4522 4871 
60 373 535 1825 1903 2099 2263 3058 3197 3550 4451 4502 
75 1218 2128 3195 3439 3651 3760 4023 4339 4351 4661 
1082 1450 1467 1575 2249 3206 3319 4342 4469 4695 4786 
201 614 654 1030 1156 1187 1949 2203 3183 4776 4960 
111 725 1172 1214 1443 2390 2613 2975 3654 4440 
777 1023 1649 2236 3634 3810 4127 4152 4167 4509 
137 316 
3357 
3636 
2107 
956 
3320 
2104 
