1 13 44 75 90 116 119 141 179 236 273 298 351 381 408 428 543 648 650 653 777 807 837 872 898 915 1012 1060 1071 1127 1129 1171 1238 1249 1292 1311 1326 1367 1585 1839 1929 2073 2074 2140 2296 2308 2322 2325 2336 2352 2479 2492 2537 2583 2706 2707 2708 2835 2952 2966 3074 3117 3197 3282 3362 3468 3489 3491 3493 3497 3503 3515 3563 3604 3612 3633 3700 3728 3761 3846 3850 3857 3862 3869 3908 4003 4144 4273 4304 4328 4365 4397 4423 4453 4465 4590 4709 4781 4843 4892 4915 4995 
100 144 147 239 256 260 500 506 541 577 618 779 893 956 1019 1036 1043 1049 1069 1178 1185 1246 1324 1410 1418 1464 1503 1511 1527 1638 1670 1772 1794 1943 1944 2009 2013 2021 2079 2176 2276 2349 2461 2551 2562 2566 2810 2856 2861 3056 3210 3218 3291 3322 3445 3504 3571 3580 3692 3841 3848 3851 3968 3987 3995 4107 4126 4217 4242 4271 4303 4413 4519 4577 4620 4638 4696 4700 4721 4734 4819 4891 4901 4965 
146 263 266 288 293 299 399 576 652 664 730 778 803 877 897 927 1022 1044 1056 1082 1182 1234 1287 1306 1390 1412 1565 1673 1750 1796 1972 2040 2171 2209 2286 2359 2431 2434 2682 2700 2711 2728 2744 2814 2815 2882 2915 2946 2956 2960 2962 2969 3192 3198 3234 3305 3328 3330 3335 3370 3401 3585 3696 3703 3715 3766 3792 3830 3833 3977 3978 4023 4108 4240 4299 4510 4630 4652 4764 4847 4857 
96 184 290 331 392 425 454 508 529 672 673 725 801 1085 1108 1134 1207 1273 1283 1295 1385 1508 1562 1566 1660 1697 1722 1801 2030 2129 2220 2240 2288 2345 2392 2419 2564 2584 2691 2716 2840 2926 2984 3022 3075 3230 3360 3377 3452 3466 3634 3734 3874 3894 3906 4038 4098 4119 4254 4260 4263 4374 4521 4529 4723 4726 4814 4866 
136 215 255 269 711 805 845 886 943 971 1065 1143 1167 1228 1260 1305 1457 1665 1721 1761 1793 1815 1914 1935 2026 2050 2210 2423 2445 2549 2557 2574 2633 2889 2905 2911 3087 3128 3149 3278 3294 3317 3332 3569 3576 3720 3733 3757 3840 3972 3975 3982 4169 4170 4192 4291 4415 4416 4454 4687 4732 4752 4753 4798 4804 4870 4910 
177 182 274 294 424 456 458 530 584 626 689 742 871 985 995 1138 1271 1279 1310 1343 1350 1478 1541 1550 1862 1936 2127 2152 2250 2314 2366 2433 2483 2506 2529 2556 2817 2828 3121 3155 3341 3347 3366 3453 3521 3528 3555 3573 3613 3717 3903 3909 3956 4006 4044 4218 4387 4471 4513 4600 4684 4728 4760 4772 4806 4879 
7 82 247 443 811 814 950 981 1026 1202 1225 1270 1353 1356 1402 1403 1590 1604 1770 1846 1851 1946 1976 1987 2057 2072 2090 2376 2489 2524 2626 2893 3005 3037 3039 3157 3206 3270 3367 3404 3532 3641 3704 3928 3931 3957 4035 4076 4117 4133 4221 4315 4318 4490 4569 4650 4707 4791 4839 4848 
178 259 345 438 490 553 598 660 663 671 976 1092 1301 1308 1323 1440 1499 1615 1693 1844 1863 1875 2329 2438 2540 2598 2621 2627 2753 2796 2836 3018 3100 3125 3209 3242 3361 3587 3614 3654 3694 3745 3751 3762 3815 4118 4120 4190 4392 4433 4536 4576 4578 4598 4648 4717 4877 
131 211 223 308 595 705 740 1254 1333 1517 1574 1826 1988 2017 2094 2130 2166 2237 2305 2516 2536 2640 2647 2784 2789 2869 2976 2995 3031 3086 3142 3231 3262 3271 3333 3379 3646 3712 3789 3793 3893 3895 3917 3918 4069 4106 4382 4408 4464 4655 4686 4793 4802 4808 4949 4959 
2 22 29 53 153 245 258 336 473 494 656 708 1016 1289 1377 1667 1690 1783 1806 2014 2208 2265 2324 2354 2382 2383 2572 2634 2674 2722 2763 2770 2780 2897 3091 3158 3268 3572 3697 3805 3834 3916 3933 4047 4089 4127 4159 4225 4488 4523 4583 4704 4731 4801 4983 
106 115 143 205 303 354 535 593 707 723 944 946 1000 1112 1164 1339 1349 1362 1423 1439 1441 1680 1898 2246 2271 2474 2498 2514 2587 2721 3252 3253 3365 3383 3599 3727 3882 3912 3979 4011 4070 4073 4134 4206 4296 4301 4346 4368 4422 4493 4585 4608 4665 4837 4963 
154 225 250 261 300 406 539 674 682 732 809 869 1115 1136 1194 1266 1268 1346 1384 1469 1563 1616 1746 1792 2065 2075 2465 2511 2642 2723 2765 2811 2937 2996 3172 3264 3273 3390 3408 3747 3780 3814 3967 4053 4097 4379 4399 4572 4661 4722 4724 4773 4838 4849 
76 203 214 271 498 587 668 699 706 749 784 887 928 1121 1168 1394 1404 1956 2154 2168 2184 2221 2226 2321 2442 2469 2591 2614 2756 2845 2927 2934 3147 3243 3254 3277 3424 3469 3498 3598 3685 3726 3856 3891 4152 4360 4595 4688 4720 4762 4786 4941 4980 
113 230 296 341 531 557 638 684 817 825 908 1007 1061 1200 1208 1233 1345 1481 1685 1859 1904 2292 2342 2512 2710 2735 2738 2791 3027 3240 3269 3310 3406 3414 3736 3753 3811 3859 3923 3993 4061 4123 4130 4309 4341 4385 4426 4603 4815 4888 4937 4973 4984 
224 518 554 873 1117 1123 1174 1180 1226 1340 1435 1723 1790 1816 1873 1983 1997 2004 2114 2125 2361 2468 2494 2577 2586 2613 2623 2761 2867 2961 3014 3167 3227 3672 3738 3776 3794 3821 3839 4010 4081 4156 4283 4342 4418 4431 4435 4491 4512 4637 4796 4829 4902 
0 229 246 310 375 390 442 678 954 1014 1213 1265 1281 1332 1387 1490 1753 1870 2020 2032 2051 2138 2162 2187 2234 2253 2463 2515 2525 2538 2547 2590 2803 2901 2933 3028 3096 3129 3258 3460 3484 3551 3668 3698 3781 3960 3980 4092 4555 4594 4664 4678 
77 276 544 610 715 813 959 1015 1087 1096 1230 1231 1247 1483 1496 1578 1646 1733 1848 1911 1994 2091 2270 2343 2351 2581 2643 2816 2824 3047 3059 3290 3313 3323 3376 3399 3454 3543 3602 3645 3860 3910 3963 4025 4136 4235 4266 4476 4782 4905 4923 4927 
124 217 277 285 358 360 366 396 403 647 855 901 912 980 1113 1142 1145 1775 1804 1830 1834 2267 2346 2393 2406 2672 2774 2776 2864 2957 3194 3200 3233 3346 3350 3368 3547 3548 3607 3799 4167 4172 4199 4370 4475 4706 4708 4735 4744 4824 4955 4962 
14 18 197 232 373 418 485 507 516 722 763 773 1037 1181 1293 1540 1555 1583 1682 1698 1805 1925 2212 2476 2508 2548 2703 2717 2729 2802 2851 2924 2943 2963 2972 3082 3085 3281 3309 3355 3356 3425 3441 3509 3731 3866 3877 4547 4609 4867 4956 
21 191 228 252 287 416 476 704 920 984 1086 1137 1312 1684 1699 1703 1842 1960 1984 2007 2143 2198 2395 2452 2578 2842 2978 3104 3176 3180 3249 3363 3447 3481 3499 3501 3516 3636 3676 3746 3748 3803 4168 4250 4285 4574 4621 4634 4766 4883 4966 
32 376 465 478 581 603 636 675 677 714 930 1316 1369 1713 1725 1861 1941 1975 2108 2174 2560 2601 2603 2606 2610 2631 2665 2673 3015 3024 3051 3154 3182 3448 3530 3556 3742 3778 3790 3878 3915 4100 4147 4155 4203 4404 4443 4601 4645 4667 4795 
78 165 347 419 526 790 858 1229 1425 1484 1559 1662 1696 1788 1813 1845 1928 1964 2101 2121 2279 2401 2421 2454 2520 2522 2579 2582 2618 2736 2743 2793 2839 2951 3008 3016 3055 3245 3306 3320 3349 3374 3471 3608 3984 4149 4161 4204 4733 4887 4904 
33 47 186 268 297 323 389 414 417 923 938 1146 1170 1314 1443 1475 1571 1730 1992 2099 2109 2119 2120 2217 2365 2594 2748 2825 3048 3070 3078 3303 3375 3480 3513 3522 3550 3888 3991 4079 4198 4228 4316 4372 4389 4506 4587 4616 4636 4886 
58 202 204 240 251 631 992 1091 1214 1236 1261 1429 1482 1488 1500 1771 1907 1938 1973 1978 2052 2098 2229 2241 2491 2612 3411 3539 3545 3586 3695 3724 3767 3873 3953 3964 4028 4080 4084 4146 4277 4311 4319 4323 4427 4463 4553 4556 4614 4626 
66 99 118 233 455 462 569 570 665 701 759 800 844 853 1460 1603 1981 1998 2039 2110 2160 2161 2261 2323 2403 2484 2501 2533 2559 2657 2909 3130 3136 3144 3173 3259 3416 3524 3565 3630 3648 3768 4048 4222 4246 4345 4401 4479 4499 4673 
241 349 589 823 947 949 993 1075 1131 1159 1211 1217 1253 1325 1624 1686 1712 1827 1833 2044 2107 2238 2268 2269 2373 2417 2552 2739 2777 2844 2863 2887 2977 3058 3238 3518 3581 3620 3786 3817 4151 4279 4288 4326 4419 4532 4543 4713 4774 4783 
5 35 134 171 309 695 802 838 900 936 1063 1179 1286 1290 1302 1304 1444 1476 1592 1688 1707 1814 1951 2087 2149 2186 2402 2699 2847 2850 2895 3032 3126 3433 3444 3681 3755 3802 3879 3889 4001 4063 4135 4141 4237 4386 4797 4812 4863 
36 60 156 162 279 409 412 423 479 771 907 1089 1183 1263 1505 1533 1534 1595 1606 1778 1795 1850 1969 2024 2042 2159 2404 2430 2666 2788 2799 2859 2945 3114 3358 3463 3487 3505 3553 3596 3774 3777 4018 4083 4178 4361 4439 4485 4970 
41 87 129 176 265 272 327 517 560 579 597 987 1003 1251 1284 1651 1738 2006 2066 2157 2165 2369 2458 2488 2651 2658 2696 2712 2896 3033 3067 3204 3265 3353 3659 3663 3680 4308 4336 4474 4579 4606 4656 4739 4860 4880 4932 4953 4994 
175 189 213 325 353 380 487 604 766 854 864 974 983 1033 1081 1095 1149 1156 1272 1391 1456 1471 1487 1514 1858 1872 1934 1996 2173 2499 2507 2518 2620 2919 3161 3384 3415 3450 3658 3684 3914 3927 4175 4364 4458 4531 4691 4738 4788 
318 441 549 588 658 787 824 841 970 1093 1240 1255 1501 1568 1570 1572 1865 1883 2045 2462 2535 2596 2740 2975 2998 3012 3034 3398 3500 3519 3577 3618 3622 3673 3824 4013 4066 4094 4131 4184 4261 4295 4302 4390 4507 4509 4596 4835 4856 
208 212 384 387 422 450 493 609 731 744 964 1100 1222 1242 1288 1375 1383 1518 1968 1980 2000 2068 2172 2185 2227 2528 2629 2737 2907 2940 3023 3111 3295 3329 3529 3632 3669 3770 3876 3904 4082 4132 4212 4313 4329 4805 4827 4921 
112 243 264 330 343 585 602 628 717 796 859 860 890 899 1132 1395 1405 1451 1532 1612 1705 2123 2141 2320 2375 2387 2510 2544 2894 3190 3211 3483 3664 3905 3926 3938 3962 3990 4052 4093 4104 4158 4223 4366 4388 4561 4977 
28 103 270 402 432 670 747 757 808 882 1099 1317 1379 1445 1544 1742 1905 1912 1916 2023 2056 2277 2307 2798 3232 3412 3457 3597 3686 3773 4050 4171 4209 4375 4436 4447 4492 4571 4575 4685 4693 4705 4710 4736 4741 4979 
39 54 393 439 556 645 736 881 996 1041 1062 1327 1515 1664 1786 1843 1917 2086 2102 2180 2266 2316 2363 2391 2589 2800 2925 2929 3049 3060 3095 3186 3215 3223 3229 3263 3485 3544 3670 3835 3855 3940 3947 3970 4065 4972 
42 64 83 160 346 426 505 605 750 798 839 856 1130 1140 1237 1710 1769 1874 2078 2111 2263 2333 2344 2509 2725 2870 2917 3041 3380 3438 3611 3763 3907 3950 4051 4055 4143 4289 4300 4359 4405 4469 4525 4619 4737 4780 
45 73 102 114 237 329 446 632 637 738 753 761 1388 1449 1452 1506 1581 1741 1743 1825 1853 1959 2008 2028 2084 2257 2619 2632 2747 2786 2829 2912 3141 3300 3319 3400 3405 3819 3920 4074 4467 4615 4809 4853 4946 4951 
84 97 168 199 292 315 400 427 460 527 551 710 768 1048 1073 1450 1611 1641 1736 1763 1765 1820 1896 2012 2080 2136 2334 2449 2487 2695 2967 2989 3072 3105 3171 3442 3455 3488 3546 3600 4176 4265 4267 4317 4442 4497 
190 210 548 555 558 635 885 958 1001 1078 1109 1189 1360 1436 1535 1598 1608 1617 1919 2097 2230 2659 2668 2680 2705 2754 2819 3053 3156 3185 3525 3631 3791 3804 3809 3946 4137 4150 4331 4683 4778 4784 4789 4832 4909 4990 
51 151 155 661 702 728 739 828 937 979 1150 1315 1381 1516 1596 1652 1671 1704 1757 1922 2010 2142 2356 2683 2866 2931 2932 3162 3170 3244 3279 3506 3589 3639 3713 3750 3864 3969 4033 4290 4516 4526 4787 4889 4981 
185 254 407 486 694 724 764 765 902 1133 1176 1209 1313 1526 1542 1689 1785 1807 1931 2095 2112 2205 2326 2409 2439 2542 2664 2698 3050 3357 3582 3749 3782 3788 3954 3985 4215 4714 4719 4854 4876 4881 4900 4982 4999 
248 314 466 483 606 690 1094 1223 1372 1374 1422 1584 1599 1627 1760 1841 2139 2179 2287 2358 2371 2519 3006 3007 3208 3287 3434 3534 3708 3764 3902 3944 3949 4181 4194 4297 4478 4537 4546 4573 4581 4582 4763 4821 4842 
111 311 1006 1038 1103 1220 1248 1621 1706 1718 1729 1735 1787 1832 1838 1868 2290 2405 2472 2565 2611 2661 2670 2854 2928 3181 3188 3285 3422 3502 3540 3590 3693 3959 4062 4202 4306 4347 4461 4462 4514 4811 4954 4992 
127 231 361 561 617 691 703 709 762 792 863 874 935 962 1017 1084 1244 1319 1330 1357 1448 1486 1614 1857 2005 2015 2041 2273 2675 2773 2954 2991 2994 3127 3402 4129 4286 4293 4349 4496 4659 4794 4813 4907 
3 49 63 122 322 332 342 475 726 795 961 1002 1119 1334 1656 1672 1773 1900 1932 2035 2155 2181 2283 2778 2779 2790 2953 3073 3148 3199 3307 3393 3451 3523 3536 3699 3798 4356 4396 4473 4482 4840 4989 
142 467 469 687 892 1034 1039 1262 1285 1407 1489 1513 1620 1622 1768 2070 2224 2306 2605 2669 2713 2757 2898 3026 3045 3065 3168 3671 3829 3961 4020 4059 4122 4226 4255 4445 4642 4644 4694 4750 4864 4950 4952 
194 216 398 471 737 1064 1125 1473 1557 1602 1605 1716 1759 1899 1903 2025 2233 2302 2475 2714 2768 2785 2906 2941 3153 3179 3189 3257 3275 3324 3342 3562 3756 3759 4090 4197 4657 4702 4742 4792 4818 4828 4961 
521 611 780 788 831 861 889 963 994 1021 1040 1111 1169 1218 1416 1528 2029 2191 2211 2251 2262 2319 2652 2792 2821 2955 3084 3139 3289 3657 3723 3853 4060 4078 4110 4173 4262 4337 4352 4565 4671 4703 4920 
4 43 528 600 867 1079 1088 1398 1524 1587 1702 1766 2089 2225 2285 2357 2428 2486 2783 2794 2809 2858 2871 2885 2890 2892 3241 3302 3395 3508 3845 3875 4042 4186 4189 4276 4460 4597 4658 4692 4711 4985 
24 110 383 449 621 624 655 819 951 1030 1396 1525 1767 1817 1893 1906 1930 2018 2118 2293 2297 2335 2396 2422 2485 2490 2523 2567 2644 2679 2769 2841 3009 3040 3118 3535 3595 4281 4542 4589 4624 4943 
30 48 234 370 377 520 683 767 883 933 1147 1157 1162 1352 1635 1655 1719 1800 1808 1950 2204 2394 2569 2608 2690 2808 2902 3057 3088 3110 3160 3228 3321 3343 3825 4239 4362 4522 4551 4570 4745 4938 
6 98 262 752 789 829 1344 1389 1512 1643 1728 1740 1828 2011 2348 2500 2527 2630 2787 2795 2908 2939 2942 3164 3423 3574 3588 3691 3711 3831 3983 4004 4043 4101 4115 4229 4563 4666 4668 4725 4810 
140 592 741 916 989 1413 1668 1776 1810 1957 2048 2055 2081 2082 2274 2295 2411 2450 2660 2833 3093 3138 3177 3449 3621 3679 3718 3925 3998 4095 4245 4354 4484 4500 4580 4591 4754 4807 4830 4833 4986 
335 352 356 482 596 960 1154 1235 1370 1855 1887 2019 2043 2062 2103 2137 2381 2400 2413 2496 2715 2878 2918 2948 3391 3458 3495 3583 3785 3826 3930 4019 4211 4355 4483 4487 4508 4540 4602 4674 4690 
52 367 372 533 641 734 745 913 1160 1173 1278 1466 1467 1502 1547 1580 2063 2341 2453 2588 2678 2971 2988 2990 2999 3214 3297 3348 3800 3808 3854 3936 4208 4409 4699 4759 4844 4914 4916 4928 
80 344 474 613 934 941 1074 1607 1661 1892 2092 2122 2299 2339 2367 2416 2720 2767 2853 3038 3250 3336 3359 3385 3427 3472 3514 3542 3752 3945 3966 4024 4224 4425 4429 4437 4518 4676 4767 4825 
133 623 770 783 794 888 903 921 1010 1102 1252 1363 1504 1880 2134 2182 2199 2213 2650 2832 2834 2981 3079 3216 3226 3274 3318 3371 3410 3429 3478 3656 3690 3707 3810 4064 4191 4410 4625 4775 
187 227 320 333 445 452 594 601 608 895 966 969 1196 1354 1447 1731 2126 2163 2259 2347 2654 2663 2762 3123 3261 3345 3382 3421 3647 3816 3921 3952 4056 4193 4264 4420 4520 4672 4756 4898 
12 91 209 481 573 582 697 834 909 925 1184 1212 1341 1749 1803 1837 1876 1895 1993 2543 2697 2830 3143 3163 3184 3396 3564 3579 3661 3675 3716 3744 3932 4077 4086 4403 4605 4861 4893 
15 169 200 226 453 501 698 758 1126 1151 1336 1477 1576 1762 1849 1885 1991 2147 2232 2291 2370 2377 2771 3541 3779 3838 3929 3943 4039 4162 4163 4219 4287 4322 4373 4446 4872 4975 4993 
16 117 619 718 1335 1397 1734 1926 1985 2036 2153 2158 2386 2617 2671 2742 2873 2883 2930 3201 3203 3248 3531 3533 3706 3714 3807 4026 4032 4154 4160 4179 4340 4535 4549 4562 4712 4730 4988 
25 104 477 562 1221 1224 1239 1274 1355 1365 1522 1732 1755 2113 2303 2534 2645 2752 2759 2891 2916 2936 3272 3327 3331 3476 3520 3566 3643 3772 3823 4005 4049 4338 4343 4558 4765 4820 4926 
50 242 420 435 447 489 492 720 810 879 884 1077 1186 1446 1618 1649 1852 1869 1901 2473 2477 2607 2646 2922 3326 3387 3431 3625 3651 3653 3665 3801 4259 4363 4421 4444 4679 4701 4771 
89 173 235 496 754 755 849 876 1013 1155 1399 1613 1653 1681 1774 1779 1888 2530 2563 2641 2923 3063 3089 3109 3296 3526 3594 3775 3870 3935 4027 4072 4096 4330 4452 4505 4632 4851 4971 
19 219 355 451 567 622 712 833 1024 1058 1520 1639 2218 2281 2389 2555 2692 2751 3001 3003 3292 3315 3510 3844 3890 3924 4148 4166 4292 4351 4412 4428 4803 4816 4834 4868 4939 
55 59 68 126 397 559 642 651 669 1054 1148 1153 1282 1530 1561 1575 1748 1920 1979 1986 2215 2414 2457 2702 2980 3080 3193 3459 3538 3606 3617 3730 3837 4016 4109 4298 4885 
85 291 835 924 1055 1104 1428 1491 1494 1752 1831 1923 2027 2195 2219 2378 2446 2561 2576 2806 2974 3083 3169 3205 3397 3492 3592 3795 3974 4015 4232 4377 4400 4541 4779 4931 
145 183 509 514 851 978 1029 1106 1116 1190 1331 1965 2061 2164 2190 2214 2249 2362 2495 2526 2545 2782 2818 2884 3002 3644 3687 3784 3898 3939 3955 4310 4449 4718 4882 4935 
448 532 574 591 614 797 842 1124 1139 1245 1551 1630 1633 1640 1676 1824 1864 2116 2689 2822 2947 3440 3567 3619 3640 3827 4187 4314 4393 4441 4568 4643 4698 4761 4822 4960 
9 74 159 174 304 413 519 522 545 563 654 848 1408 1546 1594 2350 2597 2676 2831 3077 3246 3340 3373 3417 3486 3842 4105 4125 4227 4247 4251 4357 4480 4925 4987 
101 109 317 319 607 662 666 880 896 945 1128 1166 1241 1276 1328 1579 1610 1695 1724 1942 2284 2429 2602 2624 2857 3122 3135 3284 4017 4030 4604 4740 4908 4940 4976 
305 875 975 986 1098 1201 1458 1462 1799 2038 2133 2150 2151 2244 2252 2298 2513 2724 2862 2992 3019 3131 3152 3219 3267 3276 3418 3443 3637 3994 4041 4533 4627 4743 4934 
365 616 729 735 840 905 1004 1009 1032 1076 1163 1809 1879 1913 1915 2201 2311 2904 3166 3372 3428 3678 3683 3701 3725 3818 4102 4205 4252 4448 4501 4622 4628 4747 4846 
86 88 629 972 1031 1122 1347 1468 1492 1497 1995 2144 2156 2254 2432 2677 2766 2801 2886 3145 3146 3191 3430 3652 3709 3822 3887 4138 4417 4438 4466 4548 4557 4697 
193 716 727 830 1258 1453 1548 1591 1692 1745 1789 1881 1918 2093 2256 2374 2379 2420 2427 3102 3112 3298 3432 3465 3517 3561 3721 4165 4230 4334 4350 4515 4635 4836 
38 181 188 192 363 499 625 1023 1465 1531 1886 1963 1999 2235 2493 2503 2628 2639 2804 2888 3134 3159 3237 3301 3511 4031 4180 4220 4486 4785 4823 4845 4929 
139 401 504 686 719 1657 1758 2022 2145 2203 2330 2385 2407 2408 2497 2592 2599 2694 2899 3030 3175 3280 3299 3419 3435 3812 3934 4305 4432 4566 4896 4958 4978 
130 267 378 470 615 857 870 1018 1057 1417 1498 1739 1948 2193 2200 2282 2521 3286 3392 3858 4029 4121 4124 4183 4231 4236 4348 4411 4611 4769 4875 4964 
152 503 524 627 659 760 1047 1401 1424 1678 1737 1802 1884 2106 2196 2338 2435 3068 3312 3394 3420 3558 3737 3941 4012 4201 4238 4751 4831 4855 4859 4930 
394 564 565 692 822 911 982 1193 1219 1296 1358 1433 1459 1463 2105 2124 2146 2167 2194 2197 2595 3062 3339 3436 3437 3662 3765 4021 4058 4088 4116 4327 
572 644 1158 1386 1455 1521 1537 1597 1644 1751 2169 2275 2812 2950 2982 3052 3054 3247 3364 3461 3584 3689 3828 4007 4174 4320 4567 4599 4613 4689 4817 4826 
23 27 280 313 612 733 894 1005 1626 1631 1694 1962 2033 2655 2807 3043 3293 3314 3316 3439 3557 3591 4067 4085 4307 4332 4353 4358 4457 4633 
95 206 1275 1368 1392 1479 1529 1554 1589 1629 1756 1894 2067 2131 2183 2188 2653 2813 2827 2938 3097 3537 3965 4177 4210 4213 4258 4321 4511 4841 
120 643 973 1097 1101 1359 1364 1470 1577 1777 1977 1989 2239 2327 2399 2554 2637 2688 2755 2797 3011 3256 3288 3771 3820 3958 4128 4414 4675 4852 
170 461 547 667 942 957 1028 1120 1257 1299 1642 1674 1791 1840 1940 2310 2317 2649 2685 2760 2781 3132 3655 3677 3783 3997 4249 4402 4651 4998 
340 436 497 583 847 1215 1634 1658 1877 2236 2243 2264 2337 2471 2532 2662 2749 2849 2879 2983 3119 3239 3407 3559 3624 3642 3832 4002 4584 4906 
67 222 281 433 552 776 820 868 1294 1303 1545 1675 1700 1818 1821 1822 1835 2037 2071 2312 2443 2585 2616 3976 4164 4275 4376 4394 4398 
92 107 590 681 785 812 1080 1191 1552 1567 1569 2425 2609 2775 2805 2874 2959 3090 3094 3325 3462 3549 3609 3769 4000 4715 4727 4776 4912 
540 634 751 793 816 891 967 1008 1165 1172 1204 1337 1708 1909 1947 2313 2467 3061 3101 3124 3217 3311 3467 3474 3702 3729 3973 4075 4256 
17 480 1025 1280 1415 1609 1637 1780 1784 1924 2248 2294 2539 2656 2772 2920 3151 3235 3304 3660 3739 3913 4188 4333 4560 4677 4878 4967 
20 72 404 410 444 571 929 932 1045 1277 1329 1632 1971 2228 2636 2718 3025 3069 3473 3477 3735 3865 4111 4244 4545 4768 4903 4924 
94 125 852 926 1141 1243 1366 1437 1619 1663 1701 2053 2318 2418 2464 2900 2903 3627 3628 3911 3937 4468 4470 4552 4716 4942 4957 4996 
10 421 630 646 680 696 774 862 952 968 999 1046 1110 1727 2206 2745 3098 3106 3220 3369 3722 3797 4114 4207 4284 4456 4770 
46 382 542 599 965 1059 1269 1411 1431 1549 1601 1659 1908 2177 2289 2301 2364 2397 2541 2573 3202 3464 3470 3847 3867 3886 4917 
128 132 348 721 977 1107 1309 1322 1361 1371 1400 1510 1538 1927 1952 2034 2398 2415 2550 2733 3036 3426 3446 3836 3871 4234 4947 
278 324 437 640 688 832 939 1118 1199 1259 1318 1376 1650 2003 2060 2223 2517 2730 3638 3813 4009 4139 4153 4524 4539 4850 4997 
65 135 164 374 748 827 878 1307 1348 1351 1647 1829 2064 2478 2681 3092 3806 3861 3951 4253 4325 4459 4477 4544 4618 4899 
69 257 429 440 463 850 948 1068 1878 1933 1949 2096 2260 2380 2505 2553 2575 2726 2764 2855 3116 3137 3705 3787 4182 4534 
93 457 538 679 685 917 1382 1485 1636 1683 2046 2247 2964 3020 3351 3554 3868 4045 4391 4455 4498 4504 4607 4612 4873 4911 
31 284 326 525 633 786 1291 1393 2135 2202 2280 2424 2531 2846 2958 3035 3283 3552 3570 3666 3922 4071 4481 4680 4933 
158 804 922 940 1161 1856 1954 1955 1966 2178 2570 2880 3213 3386 3413 3479 3601 3741 3880 4113 4282 4430 4800 4936 4944 
339 357 359 388 511 550 769 997 1419 1421 1438 1798 2085 2189 2207 2412 2638 3046 3113 3475 3872 4185 4241 4371 4380 
172 244 350 391 495 866 1197 1264 1472 1764 1797 2390 2482 2635 2667 2719 2875 3120 3196 3688 4091 4233 4729 4862 
289 328 415 537 586 953 1523 1564 2001 2456 2625 2648 2865 2968 3381 3575 3743 4022 4269 4407 4554 4559 4948 4969 
306 1053 1090 1114 1198 1210 1216 1679 1691 1819 1945 2245 2470 2546 2709 2860 3140 3610 3615 3884 4040 4257 4629 4640 
405 484 515 639 990 1052 1232 1256 1406 1454 1648 2069 2231 2242 2504 2750 2848 2914 3255 3354 3732 3900 4216 4528 
523 620 782 826 1430 1714 1781 2272 2278 2315 2877 2913 3071 3165 3378 3560 3682 3996 4140 4335 4472 4588 4653 4869 
11 57 62 121 307 756 781 818 904 1067 1321 1836 1939 2593 2979 3710 3719 4339 4367 4502 4647 4871 4874 
149 218 249 700 746 836 998 1152 1298 1536 1645 2047 2076 2077 2731 2949 3496 3885 3992 4087 4494 4890 4945 
157 286 1342 1409 1519 1623 1711 1812 2059 2100 2838 2852 3066 3076 3187 3896 3999 4014 4383 4639 4757 4918 4919 
56 79 334 338 580 693 1070 1378 1461 1573 1628 1677 1866 1897 2222 2701 2741 3251 3527 4434 4631 4897 
649 1072 1105 1206 1414 1953 1974 2353 2368 2388 2987 3081 3352 3667 3849 3852 3892 4034 4278 4489 4495 4777 
61 138 163 195 253 364 468 775 1297 1300 1420 1442 1847 2216 2255 2304 2965 3064 3881 3981 4586 
198 578 815 1192 1267 1593 1709 1889 2002 2309 2727 2732 2734 2868 3494 3507 3758 3919 4196 4530 4564 
510 821 1035 1495 1882 2441 2448 2823 2837 2944 3103 3212 3338 3796 3942 3948 4324 4369 4451 4654 4974 
105 301 431 464 488 799 1175 1507 1754 1860 1967 2115 2192 2258 2704 2872 3629 3897 4214 4662 
161 275 379 1027 1227 1380 1432 1582 1871 2049 2360 2459 2466 2502 2604 2684 3225 3482 4527 4681 
8 167 220 295 536 546 1011 1205 1669 2300 2340 2615 3108 3178 3403 3490 3626 4068 4294 
71 180 316 906 1543 1600 1921 2016 2332 2436 2455 2571 2820 2985 3674 3754 3883 4669 4749 
81 385 513 1020 1083 1558 1910 1990 2170 2693 2935 3099 3221 3989 4243 4248 4312 4503 4991 
148 196 472 568 676 955 1050 1474 1586 1726 2104 2372 2580 3115 3988 4145 4450 4799 
166 430 772 988 1187 1480 1715 2331 2451 2826 2910 2997 3133 3207 3623 3971 4746 4748 
70 713 791 1588 1666 2746 2758 2970 3000 3010 3107 3578 3593 3760 3899 4054 4610 
150 282 395 566 1042 1195 1320 1509 1970 2083 2447 2480 3650 4406 4517 4663 4755 
201 369 411 743 806 865 1177 1188 1338 1958 2876 3236 3740 4270 4384 4646 4758 
238 321 371 386 512 914 1135 1250 1890 2054 3042 3174 3195 3456 3568 4195 4344 
123 312 459 1426 1493 1560 1811 1937 2175 2437 3222 3901 4381 4395 4440 4593 
283 575 657 910 931 991 1051 1427 1434 1823 1891 3603 3605 4112 4157 4641 
1203 1539 1902 2426 2440 2481 3004 3017 3150 3224 3388 3986 4103 4272 4623 4858 
26 302 337 1553 1687 2088 2460 2600 2881 2921 3308 4046 4142 4649 4894 
919 1373 1744 1961 2132 2355 2686 2973 3044 3334 4037 4200 4660 4884 4895 
34 534 843 846 1654 1854 1982 3649 4274 4280 4424 4538 4670 4695 
37 40 137 207 1720 1747 2622 3029 3344 3409 3635 3863 4790 4865 
108 221 491 502 1625 2058 2384 2444 2843 3021 3183 3266 3843 4617 
362 1144 1556 1717 1782 2117 2558 2568 2687 3013 3616 4036 4057 4682 
918 1066 2031 2128 2148 2328 2410 2986 3260 4008 4268 4550 4968 
368 434 1867 2993 3337 3389 3512 4099 4378 4592 4913 4922 
