8 115 205 261 299 313 376 481 527 768 786 947 958 1039 1157 1282 1304 1323 1335 1651 1664 1703 1749 1855 2211 2225 2322 2354 2498 2708 3046 3244 3611 3651 3839 3931 3933 4020 4098 4101 4162 4253 4264 4305 4357 4365 4402 4528 4621 4750 4963 
21 160 227 284 431 511 635 754 814 858 871 933 973 1070 1567 1712 1784 1860 1909 1940 1996 2130 2145 2426 2678 2834 2850 2967 3032 3113 3170 3242 3380 3396 3549 3646 3732 3833 3898 3917 4042 4121 4243 4350 4461 4509 4510 4639 4823 4966 
76 270 433 485 569 663 678 706 719 751 879 909 915 920 1068 1091 1176 1295 1306 1339 1989 2013 2081 2303 2465 2505 2521 2596 2681 2766 2771 2845 2991 3102 3117 3142 3395 3585 3603 3649 3698 4043 4175 4248 4563 4620 4698 4765 4939 4980 
33 47 186 267 407 483 665 808 874 1081 1093 1257 1430 1840 1950 1967 2042 2589 2613 2625 2665 2706 2891 2907 2915 2976 2984 3089 3124 3151 3237 3254 3379 3412 3532 3709 3718 3779 3830 3939 4032 4123 4154 4276 4331 4519 4554 4555 4586 
77 564 572 589 693 867 962 1127 1213 1341 1373 1385 1573 1704 1808 1872 1883 1944 2091 2169 2177 2276 2393 2603 2639 2794 2880 3118 3158 3193 3247 3280 3368 3497 3528 3559 3648 3837 4010 4186 4201 4438 4596 4737 4758 4864 4908 4915 
78 133 411 595 676 818 889 1146 1315 1324 1553 1652 1717 1818 1895 1911 1939 1952 2100 2250 2361 2431 2451 2454 2469 2577 2578 2584 2595 2711 2841 2983 3104 3177 3189 3236 3253 3294 3351 3360 4062 4112 4114 4136 4251 4470 4759 4898 
113 337 352 618 692 759 954 1047 1118 1123 1371 1449 1687 2005 2010 2027 2093 2370 2552 2559 2598 2867 2894 2901 3038 3357 3500 3615 3662 3665 3684 3769 4069 4149 4272 4275 4300 4344 4387 4534 4645 4720 4761 4862 4888 4935 4946 4973 
587 637 830 972 1208 1312 1394 1492 1642 1713 1786 2098 2121 2133 2159 2287 2372 2503 2529 2593 2862 2868 3230 3279 3373 3397 3418 3422 3510 3536 3627 3632 3690 3751 3753 3795 3801 3894 3934 3945 4137 4165 4259 4347 4465 4471 4655 4688 
5 35 60 171 328 655 928 1161 1196 1210 1236 1343 1368 1415 1468 1557 1760 1942 2078 2334 2546 2597 2620 2731 2864 3219 3260 3318 3336 3352 3476 3687 3719 3744 3807 3817 3923 4119 4366 4581 4587 4724 4792 4905 4921 4998 
23 211 510 712 763 877 901 959 1100 1164 1211 1235 1458 1867 1882 2000 2125 2141 2280 2379 2402 2496 2500 2557 2632 2704 2763 2897 3128 3134 3392 3458 3545 3675 3788 3820 3822 3913 4191 4237 4301 4428 4604 4692 4718 4959 
26 382 579 709 924 1056 1155 1226 1336 1486 1545 1562 1727 1964 2025 2156 2428 2472 2474 2558 2638 2689 2724 2800 2971 2994 3101 3112 3240 3676 3743 3870 4056 4070 4127 4140 4146 4394 4422 4544 4546 4566 4636 4800 4974 
45 102 114 173 326 612 617 647 710 723 730 1087 1154 1329 1346 1359 1447 1611 1782 1861 1878 2477 2480 2491 2504 2619 2631 2855 2857 2978 3043 3167 3188 3286 3505 3628 3792 3915 4018 4025 4027 4078 4164 4431 4951 
154 224 249 625 1113 1175 1361 1628 1761 1767 1815 2266 2351 2490 2515 2741 2765 2807 2835 2968 3026 3289 3362 3478 3521 3678 3742 3747 3816 3864 3871 3893 3904 4001 4129 4296 4338 4690 4700 4771 4819 4837 4895 4934 
193 194 215 1006 1085 1183 1243 1284 1365 1423 1477 1535 1561 1625 1662 1751 1755 1875 1884 2071 2629 2666 2778 2883 2903 3031 3041 3083 3195 3201 3423 3669 3948 4044 4106 4321 4372 4458 4550 4600 4794 4798 4810 4887 
597 615 620 750 841 942 950 1473 1488 1692 1740 1770 1947 1948 1951 2020 2267 2462 2519 2531 2614 2755 2886 2893 2996 3001 3149 3530 3617 3737 3754 3875 3888 4016 4095 4155 4314 4656 4760 4763 4769 4859 4926 4990 
111 309 870 953 1079 1156 1405 1585 1603 1650 1720 1772 1775 2034 2064 2099 2111 2129 2234 2388 2512 2830 2916 2935 3033 3040 3056 3140 3302 3306 3445 3504 3674 3889 4064 4158 4206 4425 4426 4791 4827 4950 4954 
191 233 349 430 434 734 824 829 893 1088 1270 1401 1547 1714 1844 2217 2294 2301 2346 2350 2649 2679 2729 2758 3008 3055 3116 3262 3297 3407 3522 3576 3812 3828 4174 4399 4419 4440 4452 4516 4666 4739 4812 
202 239 243 248 611 848 939 1326 1372 1377 1378 1388 1481 1526 1670 1863 1922 2102 2311 2387 2727 2784 2998 3109 3184 3241 3437 3450 3560 3660 3703 3882 3890 4037 4109 4147 4183 4283 4348 4388 4657 4747 4982 
4 6 43 581 661 797 827 855 1021 1040 1108 1631 1894 1968 2258 2275 2511 2627 2636 2735 2866 2875 2948 3169 3288 3415 3514 3524 3770 3941 4065 4145 4167 4424 4560 4565 4575 4664 4667 4686 4781 4913 
42 64 83 230 234 269 342 491 586 720 816 1217 1360 1411 1472 1655 1726 2157 2170 2348 2449 2756 2881 2986 3259 3323 3387 3503 3520 3783 3785 3835 3900 3906 4024 4066 4265 4401 4434 4484 4612 4685 
100 258 875 902 907 977 997 1073 1103 1222 1251 1258 1261 1263 1541 1610 1624 1889 2131 2198 2342 2371 2394 2885 2940 2963 3011 3022 3144 3328 3425 3755 4013 4190 4236 4244 4436 4498 4707 4722 4735 4891 
131 325 762 845 863 919 935 969 978 1223 1592 1598 1733 1854 1879 1933 2037 2040 2135 2235 2635 2936 3115 3157 3266 3344 3452 3595 3658 3667 3729 3765 3786 3860 3920 3973 4031 4083 4120 4294 4548 4680 
246 669 748 908 999 1011 1089 1138 1231 1256 1328 1409 1466 1618 1813 2018 2363 2463 2543 2869 2871 3003 3384 3388 3542 3556 3655 3722 3865 4022 4028 4060 4081 4135 4180 4430 4530 4533 4825 4901 
18 66 99 118 169 183 232 358 577 608 614 988 1109 1347 1465 1987 1995 2186 2219 2233 2260 2375 2423 2730 2956 2988 2997 3120 3403 3760 3789 3922 4012 4026 4181 4442 4619 4649 4882 
137 476 626 722 733 747 1121 1244 1353 1397 1516 1527 1788 2026 2053 2110 2240 2367 2442 2630 2637 2642 2746 2749 2776 2779 2839 3307 3341 3358 3653 3699 3797 3850 3994 4473 4580 4703 4733 
25 104 303 316 467 881 1001 1072 1135 1137 1148 1212 1224 1451 1869 1981 2150 2308 2376 2418 2494 2644 2661 2773 2917 3053 3135 3390 3568 3572 3600 4074 4197 4295 4481 4522 4803 4880 
129 187 250 256 317 319 330 374 435 442 568 574 582 767 813 852 1254 1583 1599 1604 1665 2092 2094 2181 2304 2353 2478 2514 2539 2542 3070 3122 3261 3881 4008 4346 4432 4650 
457 687 790 833 891 964 1054 1249 1260 1700 1756 1865 1979 2251 2272 2283 2527 2617 2789 2859 3257 3283 3382 3417 3537 3553 3796 3809 3908 3914 4029 4211 4309 4443 4598 4693 4732 4928 
887 1131 1221 1332 1351 1400 1479 1795 1835 2151 2161 2175 2199 2302 2411 2427 2648 2728 2790 2826 2902 3015 3029 3057 3065 3072 3275 3453 3548 3635 3726 4194 4207 4379 4476 4705 4717 4952 
24 110 378 502 1163 1533 1595 1744 1758 1868 2054 2069 2114 2122 2254 2520 2530 2553 2887 3021 3084 3165 3312 3405 3432 3439 3644 3686 3811 4079 4200 4540 4556 4723 4865 4941 4981 
80 464 672 1115 1130 1225 1293 1330 1480 1514 1532 1606 1632 1785 1899 2124 2246 2337 2377 2385 2591 2607 3238 3311 3398 3447 3668 4033 4323 4390 4525 4679 4721 4779 4787 4801 4807 
112 134 327 500 583 695 820 846 982 1078 1219 1392 1591 1945 2158 2365 2386 2459 2943 2961 3042 3205 3291 3502 3782 3827 4047 4182 4192 4332 4396 4532 4588 4634 4742 4944 4977 
149 312 473 725 1005 1104 1474 1498 1626 1663 1804 1975 1985 2032 2108 2227 2786 3141 3274 3319 3343 3367 3385 3508 3641 3697 3799 3878 4086 4320 4324 4677 4726 4804 4828 4873 4955 
14 212 295 348 801 857 866 1003 1009 1018 1080 1686 1734 1769 1780 1994 2029 2031 2112 2252 2259 2548 2739 2928 3175 3317 3552 3728 3918 3978 4266 4310 4472 4818 4868 4978 
39 279 386 488 550 623 689 694 742 1052 1053 1309 1393 1402 1648 1693 1768 1798 2046 2137 2178 2569 2651 2949 3037 3234 3449 3558 3569 3596 4333 4445 4573 4579 4659 4972 
103 189 222 272 523 758 839 929 984 1094 1102 1281 1609 1757 1873 1982 1993 2011 2038 2245 2335 2380 2576 2654 2987 3067 3145 3148 3293 3956 4286 4435 4610 4682 4704 4979 
200 225 465 727 914 1242 1288 1369 1406 1630 1637 1688 1735 1762 2209 2364 2621 2748 3014 3018 3049 3172 3399 3446 3711 3771 3815 3912 4085 4178 4282 4450 4602 4768 4866 4961 
50 437 478 480 697 1228 1340 1520 1656 1710 1721 1753 1766 1874 1917 1980 2172 2281 2290 2495 2672 2851 2985 3071 3197 3265 4002 4156 4160 4217 4381 4683 4702 4815 4854 
216 350 354 356 387 389 519 645 930 1142 1173 1370 1551 1638 2049 2063 2134 2419 2424 2564 2656 2924 3233 3429 3431 3454 3551 3777 4058 4131 4198 4437 4714 4809 4997 
69 361 1114 1139 1320 1403 1764 1811 1814 2279 2323 2821 2884 3013 3136 3156 3211 3270 3304 3313 3333 3372 3406 3563 3710 4111 4203 4210 4291 4345 4832 4870 4875 4907 
97 240 396 546 766 821 822 940 961 1177 1773 1891 2012 2086 2090 2248 2358 2643 2650 2853 2863 2909 3239 3534 3555 3741 3745 3884 4105 4280 4284 4383 4595 4851 
147 259 265 391 638 728 753 1004 1063 1106 1124 1269 1391 1508 1905 2024 2206 2295 2432 3096 3192 3470 3480 3547 3579 4361 4433 4577 4592 4654 4699 4713 4965 4988 
3 140 144 415 565 633 735 905 1117 1569 1742 2585 2660 2662 2808 2951 2972 3051 3060 3174 3181 3203 3433 3803 3848 4084 4166 4340 4354 4551 4826 4836 4969 
88 370 668 714 777 1246 1338 1364 1467 1536 1619 1722 1984 2015 2021 2381 2392 2785 2954 3271 3408 3843 3987 4061 4094 4169 4185 4221 4479 4562 4601 4617 4734 
116 141 235 290 518 798 1245 1275 1376 1566 1681 1937 2355 2818 2838 2933 3062 3127 3196 3199 3330 3637 3867 3960 4238 4341 4356 4374 4414 4578 4829 4893 4938 
218 427 484 740 1042 1355 1357 1487 1505 1529 1559 1728 1729 1789 1792 2162 2191 2374 2389 2606 2686 2941 3509 3539 3638 3639 3642 3761 3831 3905 3924 4177 4552 
253 384 400 775 1037 1119 1136 1181 1302 1427 1433 1560 1647 1793 1918 2080 2213 2347 2547 2793 2977 3092 3166 3337 3564 3574 3717 3814 3959 3962 4364 4605 4842 
380 493 773 989 1234 1539 1552 1809 1848 1877 1998 2039 2366 2390 2407 2626 3054 3097 3656 3733 3781 3825 4051 4215 4307 4411 4447 4454 4591 4695 4712 4725 4876 
395 494 900 1008 1013 1379 1383 1412 1531 1699 1823 1912 1916 2107 2446 2580 2796 2817 2825 2840 2934 2955 3347 3428 3612 3764 3834 4093 4460 4512 4701 4745 4762 
16 117 703 737 985 1129 1158 1216 1584 1602 1633 1992 2043 2312 2400 2441 2566 2667 2768 3430 3441 3511 3531 3554 4052 4089 4412 4496 4709 4716 4727 4782 
37 214 609 652 903 1229 1247 1354 1381 1476 1616 1657 1658 1765 1880 2016 2052 2273 2299 2315 2523 2658 2674 2929 3044 3079 3557 3689 3824 3907 3955 4255 
181 188 359 547 605 828 931 1111 1144 1190 1325 1375 1849 1954 1962 2127 2224 2330 2357 2647 2725 2979 3168 3410 3645 3766 4179 4281 4736 4802 4940 4942 
236 363 371 394 603 629 807 1240 1259 1513 1524 1607 1907 1953 2142 2384 2813 3035 3125 3147 3394 3533 3708 3861 3863 4193 4363 4446 4504 4590 4696 4811 
238 351 432 459 576 674 752 755 772 1007 1097 1277 1667 1842 2065 2074 2084 2249 2438 2544 2804 2828 2865 3629 3829 3836 4218 4370 4495 4774 4855 4984 
990 1267 1290 1307 1453 1593 1924 2019 2318 2468 2572 2911 2952 3138 3187 3225 3314 3622 3936 3949 4063 4090 4205 4245 4376 4441 4453 4474 4485 4515 4517 4626 
20 278 443 504 525 883 1230 1285 1387 1601 1743 1991 2502 2510 2670 2876 2904 3278 3567 3580 3608 3802 3967 4199 4293 4444 4547 4848 4863 4953 4994 
27 592 992 1026 1404 1482 1496 1568 1669 1763 1886 2076 2195 2723 2906 2930 3161 3179 3182 3185 3208 3226 3411 3544 3562 3573 3716 3925 4261 4318 4838 
29 244 482 575 624 666 865 976 1065 1167 1192 1424 1491 1542 1660 1845 2257 2288 2404 2526 2673 3661 3746 3891 4107 4202 4352 4632 4694 4710 4871 
73 120 286 492 506 520 736 869 979 987 1145 1268 1410 1649 1776 2165 2403 2455 2528 2551 2640 2908 2938 3707 3730 3813 3842 4292 4469 4840 4995 
145 345 401 509 656 1023 1262 1605 2057 2132 2189 2223 2286 2675 2719 2759 2764 2895 3016 3059 3321 3322 3444 3932 4038 4041 4088 4273 4285 4353 4616 
176 271 425 470 539 651 868 886 890 980 1253 1291 1337 1356 1507 1643 1645 1957 2382 2507 2536 2770 3075 3171 3296 3499 3535 3851 4235 4362 4967 
219 324 533 563 584 817 1575 1689 1790 1833 2048 2113 2271 2359 2452 2479 2516 2525 2685 2848 3427 3501 3506 3601 3736 3854 4267 4405 4457 4643 4777 
336 338 567 573 713 1099 1436 1870 1890 1919 1986 2268 2508 2537 2687 2815 2899 2921 2950 3300 3327 3348 3442 3550 3804 3819 3979 4229 4451 4691 4822 
30 139 162 372 792 1051 1066 1661 1684 1696 1796 1946 2062 2095 2106 2320 2391 2425 2434 2713 2960 2966 3030 3198 3320 3345 4247 4797 4923 4987 
130 297 507 524 548 591 804 1188 1264 1395 1683 1943 2023 2045 2184 2317 2732 2803 3045 3100 3209 3316 3529 3738 3988 4336 4486 4675 4756 4806 
158 206 373 538 588 630 632 1030 1271 1297 1435 1500 1745 1830 2293 2653 2744 2775 2914 3435 3592 3735 3767 3791 3951 4071 4170 4172 4313 4418 
268 406 521 842 1000 1098 1141 1220 1422 1629 1677 1876 2179 2255 2398 2767 3132 3143 3469 3484 3594 3909 3957 4073 4113 4287 4589 4652 4711 4890 
414 659 732 739 850 895 1012 1014 1408 1517 1574 1617 1976 2168 2471 2560 2652 2697 2905 3479 3810 4054 4059 4099 4303 4466 4559 4568 4614 4920 
40 136 153 262 419 631 774 776 799 1143 1446 1565 1805 1822 1898 1915 1941 2314 2420 2532 3050 3133 3614 3712 3720 4208 4488 4839 4841 
51 127 151 155 369 544 551 690 922 1199 1448 1452 1523 1971 2485 2545 2554 3332 3366 3495 3575 3734 3757 3958 3981 4468 4549 4668 4778 
146 152 305 530 1464 1537 1810 1825 1900 2215 2448 3180 3459 3581 3677 3693 3705 3725 3858 4246 4289 4398 4491 4661 4808 4843 4847 4867 4892 
170 399 963 1048 1333 1431 1590 1725 1787 1802 1958 1959 2164 2289 2416 2464 2694 2698 2754 2896 2959 3486 3624 3702 3713 4242 4343 4384 4506 
208 314 331 705 724 765 836 1107 1153 1278 1407 1654 1850 1896 2007 2745 3154 3164 3292 3546 3706 3832 3953 4226 4231 4537 4857 4927 4936 
231 513 532 738 778 878 1029 1060 1150 1178 1548 1577 1622 2581 2861 2898 3159 3215 3455 3461 4091 4115 4176 4214 4492 4574 4597 4817 4958 
54 128 132 616 667 746 749 1193 1198 1265 1386 1425 1673 1887 2399 2567 2671 2811 2812 3074 3091 3310 3436 3694 3762 4075 4584 4749 
165 368 439 499 621 642 731 793 1280 1690 1754 1914 2397 3099 3202 3325 3424 3591 3821 3826 3937 3938 3952 3972 4325 4730 4772 4858 
53 486 781 923 981 1159 1587 1857 2185 2194 2297 2417 2476 2501 2693 2833 2939 3064 3222 4334 4478 4582 4641 4790 4844 4845 4999 
72 311 320 416 554 795 937 955 1709 1956 2044 2237 2352 2470 3024 3152 3376 3481 3631 3647 3964 4254 4299 4753 4770 4889 4897 
106 534 1203 1510 1892 2035 2077 2343 2415 2664 2691 2795 2814 3324 3404 3485 3798 3921 4222 4239 4260 4429 4593 4607 4651 4856 4960 
254 306 367 757 898 1031 1140 1450 1644 1921 1990 2146 2188 2657 2799 2975 3139 3178 3186 3334 3561 3605 3855 3856 3902 4021 4196 
892 1028 1045 1049 1461 1615 1666 1779 1791 2138 2702 2922 2974 3305 3349 3840 3896 3998 4076 4204 4317 4326 4358 4380 4483 4624 4986 
19 441 602 1057 1352 1509 1621 1736 1777 1858 1904 2368 2707 2792 2995 3160 3223 3409 3589 3602 4055 4297 4417 4715 4816 4937 
59 74 159 529 545 653 1033 1227 1396 1442 1454 1750 2001 2088 2182 2604 2837 2846 3073 3210 3377 3621 3640 3983 4740 
94 125 522 640 679 784 998 1061 1426 1852 2006 2028 2535 2712 2910 3229 3566 3681 3695 3838 4128 4329 4351 4821 4869 
108 346 1019 1120 1501 1801 1910 2277 2488 2518 2611 2726 2953 3048 3082 3350 3374 3587 3715 3808 3965 4212 4708 4814 4824 
266 383 436 1525 1581 1676 1794 2047 2066 2148 2154 2453 2692 2810 3173 3700 3739 3823 3926 3990 4125 4330 4482 4608 4964 
288 344 365 456 715 1035 1165 1166 1374 1390 1515 1671 1711 1783 3150 3359 3565 3780 4087 4168 4459 4830 4911 4949 4975 
381 412 496 825 938 1134 1238 1680 2336 2341 2447 2550 2690 2809 2847 3246 3335 3440 3466 3578 3883 4122 4224 4741 4748 
98 682 1044 1046 1318 1490 1504 1668 1841 1934 2313 2319 2321 2517 2696 3212 3315 3356 4004 4216 4513 4572 4674 4906 
143 424 536 585 716 721 771 1182 1530 1558 1774 2061 2180 2192 2241 2677 2688 2926 3468 4270 4373 4609 4731 4881 
477 607 783 837 864 1331 1348 1444 1920 2574 2701 2718 2737 2823 3061 3105 3464 3859 3961 3985 4448 4499 4622 4776 
12 175 650 876 1002 1010 1096 1126 1334 1503 1518 1738 2829 2913 2937 3471 3916 4039 4049 4173 4849 4914 4933 
31 86 156 164 479 613 646 780 806 896 1110 1112 1902 2265 2329 2565 2923 3309 3610 3679 3930 4319 4874 
126 541 571 649 756 769 1095 1179 1859 2832 3086 3176 3191 3538 3868 3892 3976 4034 4116 4625 4728 4896 4985 
199 263 699 834 944 1036 1090 1207 1582 1672 1997 2096 2269 2439 2703 2743 2753 2981 3474 3607 3776 4015 4894 
334 377 1041 1286 1319 1797 1846 2202 2256 2422 2610 2877 3078 3088 3221 3326 3465 3597 3740 3876 3975 4420 4989 
421 453 487 803 1185 1485 1493 1706 1862 1928 1973 2140 3028 3110 3190 3249 3369 3526 3683 3901 4335 4410 4662 
498 700 894 1255 1274 1502 1739 1893 1983 1999 2166 2243 2757 2788 3339 3375 3696 3793 4036 4171 4288 4571 4885 
627 726 1084 1521 1522 1906 2310 2475 2822 2982 3052 3063 3218 3329 3467 3571 3874 3982 4124 4378 4477 4603 4646 
10 410 413 447 558 675 791 796 1125 1441 1462 2247 2325 2467 2497 2750 2802 2990 3512 3763 3946 4110 
15 157 283 684 1327 2210 2360 2483 2594 2879 2965 2969 3599 3626 3643 3650 3775 4157 4640 4780 4783 4917 
36 402 405 660 1366 1931 2109 2187 2307 2820 2946 3194 3251 3269 3443 3845 4220 4487 4613 4878 4970 4991 
57 62 85 658 802 819 904 1058 1314 1421 1438 1932 2204 2333 2443 2540 2836 3284 4000 4439 4752 4916 
65 274 418 429 580 941 1600 1803 1812 1935 2087 2378 2445 2608 2849 3200 3438 3496 3991 4304 4877 4886 
67 84 578 1032 1069 1301 1413 1544 1589 1679 2306 2328 2721 2819 3389 4134 4234 4279 4543 4788 4883 4924 
89 177 302 1133 1215 1252 1675 1718 1965 1974 2003 2190 2408 2486 2772 2992 3094 3252 3490 4046 4501 4576 
289 462 515 686 787 840 860 1071 1345 1471 1580 2139 2196 2326 2889 3232 3543 3586 3993 4003 4014 4232 
81 245 517 711 1025 1180 1239 1494 1747 1923 2203 2309 2421 2980 3023 3258 3593 3749 4163 4637 4751 
197 242 375 444 451 497 1197 1475 1579 2174 2600 2761 3020 3047 3370 3784 3944 4337 4407 4697 4805 
251 255 397 562 636 688 788 1349 1659 1719 2409 2433 2482 2592 2599 3010 3364 3493 3682 4520 4523 
28 179 294 298 604 934 1511 1691 1843 1936 1970 2324 2964 3069 3216 3414 3507 4302 4755 4900 
101 555 847 1316 1716 2253 2356 2563 2751 3019 3130 3243 3256 3295 3570 3663 4005 4148 4521 4931 
192 277 304 321 598 744 826 873 1456 1549 2183 2369 2484 2663 2683 2873 3391 3721 4219 4671 
275 390 449 514 644 1027 1169 1273 1414 2058 2167 2573 2962 3609 3841 4023 4397 4629 4631 4853 
292 745 899 910 1152 1800 1938 2055 2298 2436 2499 2538 2668 3228 3354 3618 3970 3996 4230 4678 
468 475 516 671 1092 1202 1362 1759 2208 2270 2622 3264 3472 3847 4097 4100 4278 4494 4799 4943 
91 196 282 343 535 600 760 800 835 951 1250 1463 1832 2305 2481 2534 2783 3992 3995 
168 204 495 537 1570 1641 1821 1834 1988 2989 2993 3231 3378 3420 3620 3999 4676 4831 4993 
448 553 932 1055 2104 2120 2533 2716 2747 2999 3004 3080 3456 3623 4017 4542 4611 4623 4658 
63 182 643 925 1174 1554 2214 2450 2844 2957 3068 3365 3652 3887 4274 4377 4490 4529 
79 90 670 812 1059 1416 1429 1685 1697 1837 2075 2344 2575 2587 3250 3477 3774 4241 
166 685 779 916 1478 1612 1724 2263 2285 2579 2710 2740 2874 2958 2970 3393 3724 3731 
180 201 217 698 761 1248 1305 1730 1816 3066 3248 3487 3527 3846 3942 3969 4369 4793 
403 417 1195 1321 1634 1640 1978 2349 2493 2734 2942 3363 3483 4290 4391 4408 4660 4786 
9 150 691 782 832 880 1171 1313 1420 1732 2583 3039 3434 3492 3513 4126 4784 
41 1191 1571 1701 1963 2152 2362 2736 2858 2870 3103 3268 3285 3448 3482 4057 4647 
61 138 142 190 252 911 1083 1310 2205 2816 3457 3727 3880 3963 4053 4312 4996 
93 203 423 540 810 843 912 949 1428 1708 2232 2646 3267 3853 3869 4209 4663 
237 601 1038 1350 2059 2590 2601 2805 2827 2947 3077 3277 4327 4508 4606 4729 4860 
392 696 1168 1172 1417 1434 1543 1930 2068 2201 2612 2695 3604 3714 3790 4360 4403 
717 952 956 1194 1540 1636 2274 2284 2549 2568 2717 2890 3977 4545 4653 4922 4932 
56 472 957 968 1614 2680 3162 3416 3613 3911 3966 4225 4308 4427 4738 4861 
70 340 445 1457 1623 2228 2296 3076 3355 3402 3413 3516 3606 4118 4404 4706 
95 606 664 677 913 1151 1308 1380 1432 1702 1778 3670 3919 4030 4630 4665 
109 174 273 458 560 590 1344 1443 2103 2473 2787 2856 3098 4228 4511 4644 
161 207 549 639 707 884 1723 2338 2555 2561 2602 2888 3895 4104 4389 4642 
184 474 503 648 1170 1694 2051 2212 2912 3287 3748 3897 3943 4102 4567 4992 
195 241 291 469 885 2101 2633 2760 3577 4082 4151 4413 4416 4673 4743 4962 
526 764 1147 1363 1705 2070 2339 2571 2582 2588 2742 3227 3772 3947 4505 4850 
1 44 264 1043 1311 1497 2509 2927 3006 3752 4277 4375 4386 4635 4638 
68 420 1300 1715 2073 2262 2556 2570 2769 3971 4138 4367 4489 4903 4948 
71 300 805 1853 2118 2437 2586 2616 2920 3081 3245 3886 4514 4795 4925 
92 257 296 335 794 1105 1384 1927 2413 2797 2872 3153 3386 4569 4672 
172 1233 1367 2155 2264 2492 2852 3025 3517 3518 3954 4007 4250 4406 4475 
178 409 440 789 994 1016 2085 3338 3583 3935 4019 4143 4298 4669 4767 
185 318 422 673 1741 2456 2714 3131 3273 3673 3778 4227 4541 4681 4764 
221 276 1187 1512 1847 2022 2105 2116 2699 2900 3012 3498 3862 4585 4599 
260 460 512 610 741 1851 2143 2278 2429 3421 3666 3968 4240 4564 4947 
13 854 1556 1594 1771 2782 3007 3087 3657 3794 3899 4067 4415 4971 
34 341 859 1232 1969 1977 2410 3255 3353 3541 3664 3723 4161 4918 
38 107 657 1218 1437 1546 1695 1972 2292 2931 3108 3123 4152 4462 
58 360 393 815 1189 1283 1440 2017 2332 2715 3290 4009 4846 4879 
105 229 619 2173 2340 2466 2709 3111 3308 3582 4096 4117 4382 4956 
167 680 1022 1184 1470 2014 2136 2945 3426 3473 3519 3630 4328 4464 
654 862 1214 1678 2079 2117 2460 2522 3213 3844 3852 4315 4385 4789 
683 897 960 1162 2009 2282 2738 3121 3704 3805 4189 4395 4687 4976 
17 48 52 123 701 3206 3873 4258 4268 4497 4648 4834 4912 
49 426 975 1382 1960 2207 2645 3298 3879 4153 4257 4262 4902 
119 882 1398 1528 1707 2218 2781 2918 3002 3119 3654 4252 4909 
210 888 1020 1206 1287 1639 1838 2700 3750 3758 4159 4271 4766 
339 921 993 1076 1299 2655 3085 3207 3340 4011 4311 4371 4746 
347 355 1866 2082 2220 2300 2720 2801 3688 4139 4144 4493 4594 
379 408 466 594 970 1122 1358 1913 2119 3489 4103 4618 4872 
463 1439 2160 2682 3034 3235 3303 3346 3451 4306 4400 4531 4757 
918 1469 1550 1737 2193 2316 2435 2831 3106 3220 3401 3857 4919 
22 332 1294 1572 1731 2171 2705 3093 3462 3598 3787 4187 
75 438 641 936 1024 1186 2126 2618 2882 3301 4045 4423 
121 561 1620 1781 1885 2041 2176 2762 2925 3525 4035 4558 
124 681 831 1128 1303 1586 1819 2163 2609 4339 4392 4633 
148 307 501 1389 1864 2506 3263 3371 3903 3989 4188 4393 
220 281 285 388 1576 1627 1888 1897 1955 2231 4368 4957 
301 543 1086 1455 2036 2236 3515 3636 3910 4316 4538 4627 
364 662 917 1489 1836 1871 2072 2641 2973 3494 4006 4904 
385 770 1075 2444 2824 3090 3299 3768 3940 4108 4213 4409 
971 1050 1204 1419 1908 1961 2144 2684 2722 3204 4184 4500 
1201 1829 1901 1925 2200 2230 2345 2458 2798 3619 4524 4773 
226 310 844 1015 2097 3058 3625 3759 4050 4775 4968 
308 404 531 809 1205 1563 1839 3475 3756 4269 4899 
323 446 570 853 1613 1799 2383 3463 3984 4796 4930 
366 945 1445 1484 1929 2056 2412 2605 3183 4456 4983 
542 1160 1499 1807 1828 2060 2067 2261 3997 4355 4557 
704 1237 1495 1555 2128 2239 2401 3137 3866 4480 4583 
785 1806 2221 2440 3877 4503 4561 4615 4852 4929 4945 
0 450 508 552 1578 2860 3129 3885 3974 4249 
7 490 946 1296 1298 2050 2780 3381 4256 4518 
163 228 461 566 927 1322 1399 1826 1949 2083 
198 455 1682 2147 2222 2513 3342 3616 4048 4233 
213 528 718 1824 1926 2149 2216 4142 4359 4535 
280 329 965 983 991 1564 2395 2623 2733 3282 
293 596 1067 2487 2842 3155 3540 3806 4455 4502 
333 398 1017 1276 2238 2242 2430 2944 4040 4670 
353 556 1209 1459 2115 2676 2843 3005 3460 4553 
357 428 1062 1132 1483 2405 2461 2878 3400 3701 
46 1149 1519 1817 2008 2791 3224 3361 3383 
315 622 1418 2197 2752 3009 3114 3214 4744 
505 599 948 1460 2562 3659 4092 4628 4910 
943 1116 1856 1966 2226 2229 2541 3685 4719 
82 856 1588 1653 1748 2489 3584 4785 
223 1077 1266 3217 3927 4068 4133 4342 
1635 1820 2244 3272 3523 4813 
729 996 1746 3107 4130 
55 1342 4141 4421 
559 628 2414 3126 
849 2002 4150 4835 
11 2373 4539 
135 3027 4263 
209 1903 4884 
362 823 2123 
708 1034 1827 
743 1241 4467 
966 2291 3146 
1082 1200 3590 
2524 3017 3671 
3986 4754 4833 
32 1272 
87 851 
96 4527 
247 4570 
287 1101 
452 2327 
634 1752 
702 3929 
811 2089 
838 2033 
861 3331 
995 1289 
1074 3980 
1292 4195 
1646 4077 
1698 1881 
2153 2406 
2331 4080 
2396 3634 
2615 4223 
2777 3773 
2806 4463 
3276 3872 
3800 4132 
4449 4689 
2 
122 
322 
454 
471 
489 
557 
593 
872 
906 
926 
967 
974 
986 
1064 
1279 
1317 
1506 
1534 
1538 
1596 
1597 
1608 
1674 
1831 
2004 
2030 
2457 
2624 
2628 
2634 
2659 
2669 
2774 
2854 
2892 
2919 
2932 
3000 
3036 
3095 
3163 
3281 
3419 
3488 
3491 
3588 
3633 
3672 
3680 
3691 
3692 
3818 
3849 
3928 
3950 
4072 
4322 
4349 
4507 
4526 
4536 
4684 
4820 
