8 32 115 145 175 205 236 247 261 299 313 318 376 382 404 464 481 505 509 525 527 531 576 594 604 625 656 671 672 698 718 755 768 786 921 947 958 996 1039 1044 1101 1130 1157 1262 1282 1293 1304 1323 1330 1335 1425 1495 1532 1605 1651 1664 1703 1749 1785 1824 1841 1842 1855 1926 2002 2043 2057 2084 2117 2124 2132 2143 2149 2189 2211 2222 2223 2225 2239 2265 2277 2286 2322 2331 2337 2347 2354 2385 2396 2498 2544 2547 2556 2591 2607 2675 2708 2719 2759 2764 2788 2804 2828 2829 2844 2883 2895 2931 3003 3016 3027 3046 3059 3092 3095 3244 3310 3321 3322 3324 3329 3375 3447 3456 3506 3540 3610 3611 3651 3717 3736 3839 3866 3874 3931 3932 3933 3962 3980 4020 4033 4038 4041 4049 4068 4098 4101 4142 4162 4171 4195 4205 4213 4253 4264 4269 4305 4316 4349 4353 4357 4359 4365 4376 4402 4441 4462 4495 4525 4528 4535 4542 4583 4616 4621 4660 4679 4750 4767 4779 4787 4814 4899 4963 
7 94 148 254 293 307 308 380 384 490 493 501 584 596 622 640 773 809 863 946 989 998 1061 1067 1195 1234 1250 1273 1277 1296 1298 1380 1389 1409 1423 1426 1501 1506 1539 1550 1552 1623 1668 1701 1715 1747 1809 1848 1864 1877 1893 1998 2006 2039 2041 2050 2065 2144 2166 2207 2229 2291 2297 2338 2366 2390 2407 2457 2487 2506 2535 2626 2696 2707 2842 2964 3017 3034 3054 3097 3155 3263 3371 3381 3414 3441 3482 3609 3656 3672 3695 3733 3741 3781 3806 3825 3903 3956 3989 4051 4128 4173 4184 4188 4215 4218 4256 4273 4307 4328 4329 4351 4367 4391 4393 4411 4447 4454 4455 4478 4502 4507 4511 4518 4572 4591 4611 4629 4631 4695 4712 4725 4746 4821 4842 4863 4869 4876 4960 
100 163 167 228 244 258 343 461 482 566 606 666 670 677 683 875 902 907 927 977 997 999 1011 1073 1103 1138 1151 1158 1167 1173 1192 1222 1251 1258 1261 1263 1276 1322 1328 1399 1432 1470 1526 1540 1541 1610 1624 1660 1698 1759 1778 1803 1826 1885 1889 1922 1949 1993 2017 2018 2034 2067 2083 2104 2131 2198 2248 2274 2327 2342 2344 2358 2371 2394 2445 2458 2461 2489 2516 2526 2541 2638 2693 2699 2747 2782 2869 2885 2940 2963 3011 3022 3048 3087 3108 3144 3214 3328 3425 3566 3655 3722 3746 3755 3774 3802 4013 4190 4236 4244 4286 4436 4498 4517 4530 4533 4630 4687 4694 4707 4722 4727 4735 4755 4766 4813 4891 4901 
12 131 325 344 388 414 477 607 659 732 739 762 783 800 837 845 850 864 895 896 919 935 951 969 975 978 1012 1014 1038 1065 1223 1239 1317 1331 1348 1378 1408 1444 1517 1574 1578 1592 1598 1613 1617 1689 1733 1838 1854 1879 1920 1933 1976 2004 2040 2075 2135 2168 2235 2343 2471 2560 2574 2635 2652 2691 2697 2701 2718 2737 2777 2813 2823 2863 2905 3061 3105 3115 3129 3157 3235 3311 3344 3361 3451 3464 3479 3527 3595 3606 3658 3729 3758 3765 3786 3810 3859 3860 3920 3961 3973 3985 4031 4054 4057 4059 4083 4099 4120 4239 4260 4303 4448 4466 4499 4548 4559 4568 4614 4622 4680 4776 4920 4930 4979 
28 54 55 90 128 156 200 213 220 225 294 333 363 443 455 465 504 517 528 639 709 717 727 745 851 876 888 914 932 1110 1126 1200 1242 1248 1279 1288 1350 1369 1386 1406 1414 1562 1593 1596 1630 1637 1678 1688 1735 1762 1820 1846 1850 1888 1936 1961 2086 2097 2113 2152 2202 2209 2216 2245 2364 2368 2404 2441 2488 2522 2524 2567 2621 2650 2655 2705 2722 2748 2910 2943 2982 3014 3018 3049 3172 3225 3239 3334 3374 3399 3446 3465 3491 3516 3534 3597 3625 3711 3745 3771 3780 3815 3852 3912 4039 4045 4085 4147 4178 4182 4199 4282 4284 4383 4450 4570 4602 4768 4773 4866 4886 4961 
3 122 140 144 218 306 367 415 427 459 460 484 512 565 603 610 633 735 740 741 757 780 831 905 1031 1042 1117 1140 1318 1355 1357 1450 1487 1505 1529 1559 1569 1644 1728 1729 1736 1742 1789 1792 1837 1921 1970 1990 2089 2146 2162 2188 2203 2278 2296 2374 2389 2399 2429 2452 2555 2585 2606 2643 2657 2660 2662 2686 2799 2808 2811 2941 2951 2972 2975 3060 3139 3174 3178 3181 3186 3203 3342 3404 3421 3433 3452 3509 3539 3561 3616 3638 3639 3642 3666 3761 3803 3831 3848 3855 3856 3905 3924 3984 4021 4084 4166 4177 4340 4354 4551 4552 4826 4836 4852 4857 4907 4947 4969 
70 92 174 184 202 207 239 243 248 257 275 296 335 336 338 445 474 503 542 567 573 575 611 646 648 713 794 848 955 1099 1105 1170 1326 1344 1372 1384 1388 1436 1594 1694 1845 1870 1887 1890 1919 1927 1986 2051 2123 2212 2268 2311 2329 2413 2508 2537 2687 2714 2727 2797 2815 2872 2899 2921 2950 2998 3153 3184 3241 3300 3327 3348 3386 3413 3437 3442 3450 3477 3550 3560 3703 3748 3804 3819 3882 3897 3943 3949 3979 4037 4092 4102 4109 4118 4229 4283 4348 4435 4451 4474 4531 4569 4657 4672 4691 4822 4992 
2 65 86 146 152 274 305 398 429 466 514 530 580 593 644 856 941 974 1007 1017 1027 1035 1041 1050 1056 1153 1287 1464 1503 1537 1588 1632 1653 1667 1691 1748 1757 1810 1812 1825 1829 1843 1900 1929 1935 2077 2087 2163 2215 2284 2378 2430 2448 2624 2849 2957 2973 3004 3180 3200 3238 3400 3438 3459 3483 3488 3496 3581 3584 3634 3660 3677 3693 3705 3725 3798 3832 3858 3968 3991 4028 4193 4231 4246 4271 4278 4289 4304 4368 4385 4390 4398 4400 4491 4527 4590 4600 4661 4801 4808 4843 4847 4867 4877 4892 4957 
147 259 265 280 329 345 391 393 400 403 418 422 522 570 597 634 638 673 715 728 743 753 849 861 883 897 898 923 965 991 1004 1059 1063 1106 1112 1124 1169 1184 1230 1269 1289 1294 1391 1416 1508 1560 1564 1597 1654 1741 1905 2024 2118 2193 2206 2262 2295 2312 2349 2432 2456 2611 2734 2805 2854 2912 2942 3096 3192 3221 3248 3273 3326 3363 3470 3480 3542 3546 3547 3579 3750 3773 3778 3863 3885 4227 4361 4364 4408 4433 4503 4541 4544 4577 4592 4605 4654 4681 4699 4713 4790 4796 4919 4965 4988 
149 221 276 312 334 362 473 667 680 725 761 805 835 839 929 966 1005 1022 1104 1149 1187 1265 1337 1367 1474 1480 1498 1512 1626 1663 1797 1804 1847 1897 1903 1925 1972 1975 1985 2014 2019 2022 2032 2105 2108 2116 2136 2227 2238 2377 2440 2609 2786 2798 2877 2900 2909 2920 3012 3080 3085 3131 3141 3274 3278 3319 3343 3367 3385 3426 3462 3498 3508 3565 3598 3630 3641 3697 3799 3800 3838 3878 4086 4100 4104 4221 4241 4320 4324 4377 4388 4524 4584 4585 4599 4665 4677 4726 4804 4828 4833 4873 4936 4955 
19 63 68 301 331 395 428 452 494 516 707 752 900 1008 1013 1164 1174 1214 1225 1281 1302 1379 1383 1412 1457 1509 1519 1531 1554 1586 1699 1771 1823 1851 1857 1912 1916 2008 2033 2059 2107 2221 2228 2257 2288 2446 2473 2580 2610 2690 2768 2796 2817 2825 2840 2853 2934 2947 2955 3036 3068 3077 3145 3164 3207 3220 3224 3285 3347 3428 3453 3472 3612 3629 3652 3657 3764 3834 3936 3959 4048 4067 4093 4183 4294 4311 4392 4444 4460 4480 4512 4610 4701 4745 4762 4764 4789 4820 4844 4860 
50 109 437 438 478 480 616 697 924 970 1046 1074 1191 1226 1228 1336 1340 1520 1545 1618 1656 1685 1710 1721 1727 1753 1766 1773 1874 1917 1964 1980 2025 2156 2172 2270 2281 2290 2472 2495 2558 2562 2672 2689 2724 2741 2800 2851 2911 2945 2985 2994 3071 3101 3112 3154 3197 3229 3240 3265 3292 3676 3743 3861 3887 3967 4002 4056 4070 4072 4087 4105 4127 4140 4146 4156 4160 4217 4381 4394 4422 4453 4529 4546 4566 4636 4683 4702 4749 4793 4815 4854 4903 4968 4974 
11 17 48 52 97 101 123 161 170 351 399 496 552 555 627 701 844 847 963 1023 1048 1177 1266 1316 1333 1431 1590 1716 1725 1787 1802 1906 1958 1959 2164 2253 2289 2316 2356 2383 2416 2464 2479 2502 2525 2563 2694 2698 2751 2754 2896 2959 2962 3019 3063 3130 3206 3218 3243 3256 3295 3486 3570 3580 3624 3663 3667 3681 3702 3713 3854 3865 3873 3982 4005 4080 4148 4152 4242 4258 4268 4343 4384 4415 4497 4506 4521 4595 4648 4696 4747 4834 4912 4931 
91 95 107 116 141 196 235 282 290 463 475 518 535 600 682 726 760 798 945 956 1057 1084 1159 1245 1275 1376 1463 1518 1522 1566 1607 1681 1702 1937 2147 2230 2305 2313 2355 2435 2475 2481 2534 2549 2561 2671 2745 2783 2818 2822 2838 2865 2933 3023 3052 3062 3127 3196 3199 3213 3276 3315 3330 3356 3467 3637 3867 3919 3960 3992 3995 4004 4030 4107 4150 4216 4238 4341 4356 4374 4378 4414 4477 4513 4578 4829 4893 4938 
81 130 182 201 209 246 288 297 385 426 507 524 543 548 591 662 679 770 785 804 971 1075 1188 1198 1264 1395 1445 1453 1484 1504 1563 1683 1739 1746 1777 1832 1871 1891 1934 1943 1953 1999 2007 2023 2045 2103 2184 2317 2412 2444 2732 2803 2824 2871 2980 3045 3090 3100 3163 3187 3209 3299 3316 3529 3533 3738 3756 3768 3879 3886 3927 3940 3988 4063 4108 4336 4409 4486 4514 4603 4675 4744 4756 4806 4835 
192 208 226 277 304 321 355 379 408 458 598 744 826 873 952 1116 1194 1272 1358 1374 1390 1456 1460 1549 1639 1671 1790 1966 2082 2119 2183 2226 2231 2300 2369 2484 2566 2568 2663 2670 2683 2717 2720 2726 2787 2795 2801 2873 2890 2937 3150 3166 3359 3391 3489 3564 3668 3688 3721 3870 3977 4077 4131 4139 4144 4219 4222 4285 4545 4593 4594 4618 4628 4653 4671 4721 4729 4830 4872 4911 4922 4949 
37 98 178 214 217 346 347 409 440 441 601 602 609 652 789 903 981 994 1002 1016 1202 1229 1247 1352 1354 1381 1476 1489 1513 1587 1616 1657 1658 1765 1858 1880 2016 2052 2273 2299 2315 2501 2523 2658 2674 2814 2929 2995 3044 3079 3223 3409 3557 3583 3589 3602 3689 3694 3715 3808 3824 3907 3935 3955 4022 4143 4255 4297 4298 4417 4449 4582 4633 4669 4715 4795 4855 4925 4937 
31 40 105 136 153 229 262 419 471 619 631 774 776 799 1024 1143 1285 1319 1424 1446 1486 1510 1524 1565 1805 1816 1822 1898 1899 1902 1907 1915 1941 2173 2197 2244 2256 2282 2314 2340 2420 2532 2615 2618 2709 3050 3111 3114 3133 3308 3331 3567 3571 3582 3614 3712 3720 3836 3921 4089 4096 4117 4208 4382 4395 4420 4488 4647 4771 4839 4841 4856 4874 4956 
45 93 102 114 173 203 326 423 468 540 612 617 647 710 723 730 775 810 843 912 949 1087 1154 1329 1346 1359 1428 1447 1611 1708 1782 1799 1861 1878 2232 2477 2480 2491 2504 2619 2631 2646 2812 2855 2857 2978 3009 3043 3081 3167 3188 3267 3281 3286 3337 3505 3628 3792 3853 3869 3915 4018 4023 4025 4027 4078 4103 4164 4209 4431 4642 4663 4951 
46 126 195 241 291 339 357 469 541 571 649 746 756 769 812 865 885 1055 1095 1179 1427 1521 1575 1600 1627 1828 1859 1866 2101 2243 2468 2476 2570 2622 2633 2712 2760 2784 2791 2832 2856 3086 3176 3191 3398 3538 3577 3623 3868 3892 3953 3976 4034 4082 4116 4135 4151 4288 4413 4416 4475 4564 4623 4625 4673 4684 4728 4896 4929 4962 4983 4985 
33 47 106 135 186 267 407 483 650 665 808 874 894 1034 1081 1093 1241 1257 1299 1430 1534 1636 1738 1840 1901 1950 1967 2042 2128 2321 2421 2589 2613 2625 2665 2706 2891 2907 2915 2976 2984 3051 3089 3124 3151 3237 3254 3379 3384 3412 3419 3532 3709 3718 3779 3830 3884 3939 4006 4032 4123 4154 4226 4276 4331 4519 4554 4555 4586 4710 
1 44 77 264 564 572 589 693 867 962 1043 1127 1213 1311 1341 1373 1385 1497 1573 1704 1808 1872 1883 1944 2091 2169 2177 2249 2276 2393 2509 2603 2639 2794 2880 2892 2927 3006 3118 3158 3193 3247 3280 3340 3368 3497 3528 3559 3648 3752 3837 4010 4060 4186 4201 4274 4277 4375 4386 4438 4596 4635 4638 4737 4758 4864 4908 4915 
27 164 365 371 420 592 704 806 822 872 992 1026 1077 1162 1166 1181 1267 1404 1443 1482 1496 1568 1669 1763 1839 1853 1886 2080 2167 2195 2220 2518 2602 2700 2723 2774 2906 2930 2936 3066 3161 3179 3182 3185 3208 3226 3411 3487 3544 3562 3573 3636 3716 3925 3986 4035 4097 4240 4261 4315 4318 4319 4457 4626 4811 4838 4943 
41 58 165 360 368 439 499 621 642 731 758 793 815 1107 1189 1240 1280 1283 1440 1490 1571 1608 1690 1754 1869 1908 1914 1918 2236 2310 2332 2359 2380 2397 2664 2715 2736 3099 3103 3202 3290 3325 3424 3448 3591 3814 3821 3826 3937 3938 3952 3972 4009 4011 4138 4141 4325 4463 4730 4772 4846 4858 4879 
42 64 83 219 230 234 238 269 342 450 491 586 700 720 748 816 926 1217 1360 1411 1472 1499 1655 1673 1726 2009 2157 2170 2348 2373 2417 2449 2756 2881 2925 2986 3259 3323 3387 3503 3520 3783 3785 3829 3835 3891 3900 3906 4024 4066 4133 4249 4262 4265 4401 4434 4484 4504 4612 4643 4685 4774 4777 
56 377 472 508 766 821 908 918 957 961 968 1010 1203 1300 1481 1494 1538 1614 1670 1833 1923 2090 2387 2601 2623 2628 2680 2827 2932 2953 3029 3069 3076 3106 3162 3272 3277 3346 3355 3416 3613 3890 3911 3966 3969 4050 4153 4168 4196 4225 4280 4290 4308 4371 4427 4459 4500 4606 4632 4637 4738 4861 4999 
78 87 179 411 595 676 817 818 889 1146 1315 1324 1483 1553 1652 1717 1761 1818 1852 1895 1911 1913 1939 1952 2100 2250 2361 2431 2451 2454 2466 2469 2577 2578 2584 2595 2711 2841 2983 3091 3104 3177 3189 3216 3236 3253 3294 3301 3351 3360 3605 3910 4062 4112 4114 4136 4251 4470 4607 4615 4644 4759 4898 
13 76 270 412 433 485 569 663 678 706 719 751 879 909 915 920 1068 1091 1176 1295 1306 1339 1429 1502 1989 2013 2081 2102 2303 2465 2505 2521 2573 2586 2596 2681 2766 2771 2845 2991 3102 3117 3142 3395 3585 3603 3649 3696 3698 3844 4036 4043 4175 4248 4563 4620 4698 4765 4853 4914 4939 4980 
15 157 198 281 283 300 323 401 681 684 708 936 1255 1327 1342 1392 1439 1584 1633 1635 1682 2210 2360 2384 2483 2517 2594 2667 2762 2793 2807 2879 2965 2969 3093 3137 3148 3264 3282 3383 3436 3471 3599 3626 3643 3650 3775 3857 3965 4157 4212 4355 4430 4456 4494 4508 4640 4780 4783 4917 4953 4971 
120 286 381 492 506 520 736 825 869 925 938 940 979 985 987 1145 1193 1238 1268 1410 1649 1680 1776 1781 2074 2165 2336 2341 2403 2447 2455 2463 2493 2528 2550 2551 2640 2809 2847 2908 2938 3246 3335 3440 3444 3466 3707 3730 3813 3842 3883 4122 4224 4292 4469 4741 4748 4840 4945 4995 
21 160 227 284 431 511 533 635 749 754 811 814 858 871 933 973 1070 1080 1567 1712 1784 1860 1909 1940 1996 2035 2130 2145 2208 2318 2422 2426 2678 2834 2860 2967 3032 3113 3170 3242 3380 3396 3549 3646 3732 3833 3898 3917 4042 4121 4243 4350 4461 4509 4510 4547 4639 4823 4966 
39 185 279 287 332 386 448 488 549 550 623 689 694 742 1052 1053 1120 1160 1309 1393 1402 1648 1693 1768 1798 1982 2046 2073 2085 2137 2178 2474 2569 2651 2780 2878 2949 3037 3234 3338 3449 3501 3554 3558 3569 3596 3740 4257 4306 4333 4423 4445 4573 4579 4659 4716 4719 4816 4972 
587 624 637 830 972 1208 1312 1377 1394 1492 1642 1713 1786 1793 2098 2121 2133 2159 2287 2372 2503 2529 2575 2593 2848 2862 2868 3007 3230 3279 3373 3397 3418 3422 3510 3536 3575 3627 3632 3671 3690 3751 3753 3795 3801 3862 3894 3934 3945 4137 4165 4259 4347 4363 4465 4471 4655 4688 
14 132 212 295 348 674 801 857 866 884 943 990 1003 1009 1018 1086 1119 1129 1437 1686 1734 1769 1780 2029 2031 2112 2142 2194 2246 2252 2259 2438 2548 2716 2739 2928 3074 3098 3175 3317 3463 3552 3661 3701 3728 3918 3978 4075 4266 4310 4467 4472 4627 4818 4868 4871 4978 
22 210 446 615 620 750 841 853 942 950 1025 1180 1473 1488 1572 1692 1731 1740 1770 1947 1948 1951 2020 2176 2267 2462 2519 2531 2614 2682 2755 2886 2893 2996 3001 3149 3258 3530 3617 3737 3754 3787 3875 3888 4016 4095 4155 4187 4314 4656 4658 4760 4763 4769 4859 4926 4990 
29 73 125 268 285 406 521 657 765 842 1000 1092 1098 1122 1141 1206 1220 1237 1305 1362 1422 1576 1629 1634 1646 1677 1876 2012 2179 2255 2398 2576 2767 3132 3143 3183 3469 3484 3531 3594 3670 3846 3847 3909 3942 3957 4019 4073 4113 4287 4396 4589 4652 4670 4711 4890 4933 
137 364 476 626 722 733 747 1121 1244 1353 1397 1516 1527 1711 1788 1807 1817 2026 2036 2053 2110 2185 2240 2367 2442 2533 2630 2637 2642 2746 2749 2776 2779 2839 3067 3212 3222 3307 3341 3358 3515 3556 3653 3699 3797 3850 3928 3994 4322 4473 4485 4557 4561 4580 4703 4733 4884 
5 35 60 171 328 655 702 928 1161 1196 1210 1236 1274 1343 1368 1415 1468 1557 1760 1942 2078 2171 2261 2334 2513 2546 2597 2620 2731 2806 2864 2971 3219 3260 3318 3336 3352 3476 3633 3687 3719 3744 3807 3817 3923 3929 4119 4366 4581 4587 4724 4792 4902 4905 4921 4998 
18 66 99 118 169 172 183 232 340 358 577 608 614 976 984 988 1102 1109 1347 1465 1987 1995 2155 2186 2219 2233 2260 2264 2375 2406 2423 2492 2730 2852 2888 2956 2988 2997 3120 3403 3518 3525 3760 3789 3922 3954 4012 4026 4130 4181 4250 4406 4442 4619 4649 4882 
189 193 194 215 310 366 557 590 838 986 1006 1085 1183 1201 1243 1284 1365 1477 1535 1561 1625 1662 1751 1755 1875 1881 1884 2071 2629 2666 2778 2903 3031 3041 3083 3121 3195 3423 3494 3669 3948 3997 4044 4088 4106 4321 4372 4458 4550 4704 4785 4794 4798 4810 4887 
4 6 43 272 581 661 797 827 855 887 1021 1040 1108 1155 1165 1631 1783 1894 1968 2258 2275 2511 2627 2636 2733 2735 2866 2875 2948 3064 3169 3288 3388 3415 3514 3523 3524 3770 3877 3941 4065 4145 4167 4424 4560 4565 4575 4664 4667 4686 4781 4800 4913 
23 49 82 211 454 510 712 763 877 901 959 1100 1132 1211 1235 1458 1867 1882 2000 2030 2125 2141 2280 2379 2402 2496 2500 2557 2632 2704 2763 2897 3128 3134 3392 3458 3545 3593 3675 3680 3788 3820 3822 3913 4191 4237 4301 4428 4604 4689 4692 4718 4959 
129 187 250 256 317 319 330 374 435 442 489 568 574 582 669 767 813 852 1254 1583 1599 1604 1665 2058 2092 2094 2181 2304 2353 2478 2514 2539 2542 2882 2952 2999 3035 3070 3122 3261 3314 3485 3881 3950 4008 4180 4189 4302 4346 4432 4650 4775 4807 
26 71 278 289 462 515 686 724 787 840 860 1071 1082 1290 1307 1345 1471 1580 1601 1697 1723 1743 2139 2196 2326 2510 2572 2654 2792 2876 2889 2904 2919 3078 3232 3543 3586 3590 3608 3930 3993 4003 4014 4132 4232 4233 4245 4293 4515 4526 4848 4994 
113 322 337 352 618 692 729 759 954 1047 1118 1123 1371 1449 1687 2005 2010 2027 2093 2370 2552 2559 2598 2867 2894 2901 3038 3298 3357 3500 3615 3662 3665 3684 3769 3872 4069 4149 4272 4275 4300 4344 4387 4534 4645 4720 4761 4862 4888 4935 4946 4973 
10 180 410 413 447 456 558 664 675 703 737 791 796 836 862 917 934 1125 1382 1441 1462 1542 1606 1831 2079 2120 2153 2247 2325 2395 2467 2497 2641 2750 2802 2913 2990 3109 3204 3512 3759 3762 3763 3946 3975 4110 4323 4464 4799 
191 233 349 430 434 734 824 829 893 1088 1270 1286 1401 1547 1714 1844 2217 2294 2301 2346 2350 2649 2679 2729 2758 3008 3055 3058 3082 3116 3262 3297 3303 3407 3522 3576 3812 3828 4174 4399 4419 4421 4440 4452 4516 4666 4739 4757 4984 
111 309 870 953 1079 1156 1308 1405 1585 1603 1650 1720 1772 1775 2064 2072 2099 2111 2129 2234 2388 2512 2616 2752 2830 2935 3033 3040 3056 3140 3266 3302 3306 3445 3504 3674 3889 4064 4158 4206 4425 4426 4493 4791 4827 4906 4954 4989 
143 298 424 536 585 641 716 721 771 913 1182 1205 1530 1558 1621 1737 1774 1819 1892 2048 2061 2126 2180 2192 2241 2400 2677 2688 2757 2926 3088 3160 3201 3217 3427 3468 3574 3916 4055 4270 4339 4373 4405 4609 4651 4731 4881 
16 72 117 311 320 416 554 795 937 1602 1709 1856 1956 1978 1992 2044 2200 2237 2352 2470 2634 3024 3152 3250 3376 3430 3481 3631 3647 3805 3964 4052 4159 4254 4263 4299 4412 4496 4753 4754 4770 4782 4845 4889 4897 
36 80 103 124 402 405 498 534 546 563 599 660 1366 1455 1620 1904 1931 1960 1983 2028 2109 2187 2271 2307 2820 2923 2946 3194 3251 3269 3443 3685 3794 3845 4220 4487 4490 4536 4539 4567 4613 4878 4910 4970 4991 
24 110 378 502 1163 1533 1595 1744 1758 1868 1955 2054 2069 2114 2122 2254 2520 2530 2553 2738 2887 3021 3084 3165 3312 3405 3432 3439 3588 3644 3686 3811 3899 4079 4200 4342 4540 4556 4723 4751 4865 4941 4976 4981 
457 687 790 833 891 964 1054 1249 1260 1514 1700 1756 1806 1865 1979 2251 2272 2283 2527 2617 2789 2859 3257 3283 3365 3382 3417 3537 3553 3659 3796 3809 3908 3914 4029 4211 4267 4309 4443 4598 4693 4732 4885 4928 
154 224 249 559 628 1113 1175 1361 1628 1767 1815 2266 2351 2414 2490 2515 2765 2835 2968 3026 3138 3289 3362 3478 3521 3678 3742 3747 3816 3864 3871 3893 3904 4001 4129 4296 4338 4690 4700 4819 4837 4895 4934 
25 104 108 303 316 467 881 1001 1072 1135 1137 1148 1204 1212 1224 1451 1801 1981 2150 2308 2376 2418 2494 2644 2661 2773 2917 3053 3135 3293 3390 3568 3572 3600 3876 4074 4197 4295 4481 4522 4803 4880 
181 188 359 417 479 547 605 828 931 983 1111 1144 1190 1325 1375 1849 1873 1896 1954 1962 1991 2076 2127 2224 2330 2357 2647 2725 2870 2979 3168 3410 3519 3645 3766 4179 4281 4736 4802 4940 4942 
231 513 532 738 778 807 878 1029 1060 1150 1178 1218 1259 1433 1466 1548 1577 1622 1647 2324 2581 2861 2898 3159 3215 3245 3309 3394 3455 3461 4091 4115 4176 4214 4223 4492 4574 4597 4674 4817 4958 
9 75 150 390 654 691 782 832 880 1062 1089 1171 1313 1420 1511 1732 1910 1971 2191 2345 2583 2587 2645 2769 3039 3125 3146 3434 3492 3513 3622 3673 3895 4126 4163 4327 4404 4709 4784 4812 
158 206 373 538 588 630 632 643 1030 1271 1297 1435 1491 1500 1745 1830 2038 2293 2565 2653 2744 2775 2914 3435 3507 3592 3601 3735 3749 3767 3791 3849 3951 4071 4170 4172 4313 4418 4489 4537 
394 421 453 487 560 803 1037 1134 1185 1231 1256 1387 1407 1485 1493 1640 1706 1862 1928 1973 2140 2213 2977 2987 3028 3110 3190 3249 3369 3511 3526 3683 3691 3818 3901 4124 4335 4410 4662 4706 
89 121 177 302 948 1133 1215 1252 1675 1718 1836 1965 1974 2003 2160 2190 2319 2363 2408 2428 2450 2460 2486 2772 2992 3094 3252 3339 3401 3473 3490 3679 4017 4046 4228 4501 4558 4576 4851 
176 271 273 425 470 539 651 772 854 868 886 890 980 995 1253 1291 1356 1469 1507 1643 1645 1957 2382 2507 2536 2770 2831 3075 3171 3296 3499 3535 3619 3851 4235 4334 4362 4967 4975 
88 314 370 668 714 777 1246 1338 1364 1467 1536 1556 1619 1722 1984 2015 2021 2037 2381 2392 2669 2685 2785 2954 3271 3408 3843 3902 3987 4061 4094 4169 4185 4479 4562 4601 4617 4734 
396 1131 1221 1303 1332 1351 1400 1479 1795 1835 2151 2161 2175 2199 2302 2411 2427 2648 2728 2790 2826 2902 3015 3057 3065 3072 3275 3548 3635 3726 4194 4207 4379 4476 4705 4717 4950 4952 
53 197 242 375 444 451 497 781 939 1115 1197 1216 1321 1475 1579 1813 2174 2543 2590 2600 2605 2684 2761 3020 3047 3370 3402 3555 3784 3944 4337 4407 4641 4697 4805 4932 4948 
69 361 553 1064 1114 1139 1320 1403 1764 1811 1814 2279 2323 2437 2821 2884 3013 3136 3156 3211 3270 3304 3313 3333 3372 3406 3563 3710 4111 4203 4210 4291 4345 4832 4870 4875 4982 
112 134 327 500 583 695 820 846 967 982 1078 1219 1591 1730 1827 1945 2060 2158 2365 2386 2459 2961 3042 3205 3291 3502 3782 3827 4047 4192 4332 4532 4588 4634 4742 4944 4977 
133 168 204 223 495 537 993 1076 1096 1334 1570 1641 1821 1834 1924 1963 1988 1994 2989 2993 3025 3126 3231 3378 3420 3620 3704 3708 3841 3999 4090 4571 4676 4831 4849 4900 4993 
38 705 711 892 906 1028 1045 1049 1292 1461 1615 1666 1695 1779 1791 2138 2214 2702 2922 2974 3305 3349 3354 3840 3896 3998 4076 4204 4317 4326 4358 4370 4380 4483 4624 4986 
59 74 159 237 240 260 449 529 545 561 653 1033 1227 1396 1442 1454 1750 2001 2088 2182 2405 2604 2837 2846 3073 3147 3210 3377 3475 3621 3640 3983 4202 4369 4740 
216 350 354 356 387 389 519 645 930 1142 1370 1551 1638 2049 2063 2134 2419 2424 2564 2656 2659 2924 3233 3429 3431 3454 3551 3777 4058 4198 4437 4714 4809 4997 
30 139 162 372 792 1015 1051 1066 1661 1684 1696 1796 1946 2062 2095 2106 2320 2391 2425 2434 2713 2960 2966 3030 3198 3320 3345 3578 4081 4247 4797 4923 4987 
67 84 222 578 784 1019 1032 1069 1186 1301 1413 1544 1589 1679 2306 2328 2721 2819 3350 3389 3587 4134 4234 4279 4389 4397 4543 4708 4788 4824 4825 4883 4924 
20 57 62 79 85 245 658 802 819 904 1058 1094 1314 1419 1421 1438 1546 1932 2204 2292 2333 2443 2540 2836 3284 3287 3974 4000 4439 4752 4916 
51 127 151 155 369 523 544 551 690 922 1199 1448 1452 1523 2485 2545 2554 3332 3366 3495 3692 3734 3757 3958 3981 4468 4549 4668 4778 
199 263 699 834 944 1036 1090 1207 1582 1672 1997 2096 2242 2269 2439 2703 2743 2753 2944 2981 3000 3123 3474 3607 3776 4015 4040 4894 4904 
251 255 397 562 636 688 788 823 1020 1128 1349 1659 1719 2335 2362 2409 2433 2482 2592 2599 2850 3010 3364 3493 3682 4520 4523 4646 4786 
253 266 383 436 1097 1525 1581 1676 1794 2047 2056 2066 2148 2154 2453 2692 2810 3173 3700 3739 3823 3926 3990 4125 4330 4482 4608 4964 
292 432 899 910 960 1136 1152 1233 1800 1938 2011 2055 2298 2415 2436 2499 2538 2668 2833 3228 3268 3517 3618 3970 3996 4007 4230 4678 
96 392 696 1168 1172 1417 1434 1543 1674 1930 2068 2201 2608 2612 2695 2916 3604 3714 3790 4360 4403 4538 4682 4927 
166 324 486 629 685 779 916 1478 1515 1612 1724 2263 2285 2579 2673 2710 2740 2874 2958 2970 3393 3724 3731 3971 
61 138 142 190 252 911 1083 1310 2205 2816 2939 3107 3457 3727 3793 3880 3963 4053 4312 4996 
526 579 764 1147 1278 1363 1705 1752 2070 2339 2401 2571 2582 2588 2742 3227 3772 3947 4505 4850 
34 315 341 859 1232 1418 1609 1863 1969 1977 2410 3255 3353 3541 3664 3723 4161 4352 4918 
0 119 882 1398 1528 1555 1707 2218 2309 2781 2918 3002 3119 3654 4252 4909 
353 556 613 1209 1459 2115 2676 2843 2858 3005 3460 3706 4429 4446 4553 4743 
