16 58 117 220 266 397 465 526 572 590 619 644 718 785 812 1158 1335 1386 1397 1455 1521 1537 1552 1597 1642 1644 1734 1751 1818 1871 1926 1948 1985 2036 2153 2158 2169 2275 2317 2386 2502 2609 2617 2671 2742 2768 2806 2812 2840 2873 2883 2930 2950 2959 2982 3052 3054 3090 3094 3118 3129 3201 3203 3216 3247 3248 3364 3461 3531 3533 3549 3584 3609 3615 3689 3706 3714 3807 3828 4007 4026 4032 4154 4160 4179 4320 4340 4373 4388 4505 4535 4549 4562 4567 4585 4599 4613 4689 4712 4730 4802 4817 4826 
55 136 156 198 255 331 365 456 521 578 616 729 735 815 840 845 905 909 1004 1009 1032 1076 1108 1154 1163 1192 1267 1383 1593 1665 1709 1781 1793 1803 1809 1815 1879 1889 1913 1915 2002 2027 2050 2201 2210 2309 2311 2345 2515 2572 2727 2732 2734 2868 2904 2951 3087 3166 3309 3317 3372 3428 3494 3495 3507 3576 3678 3680 3683 3701 3725 3757 3758 3818 3919 4098 4102 4174 4196 4203 4205 4252 4329 4448 4454 4501 4530 4540 4564 4619 4620 4622 4628 4637 4747 4846 
11 57 62 121 166 254 307 407 430 486 756 764 765 772 781 818 902 904 988 1067 1133 1176 1187 1209 1313 1321 1480 1505 1526 1542 1574 1679 1689 1715 1763 1785 1807 1836 1931 1939 2095 2205 2292 2326 2331 2409 2439 2451 2525 2542 2559 2593 2698 2769 2826 2910 2979 2997 3050 3133 3207 3305 3538 3582 3623 3644 3710 3719 3749 3830 3954 3971 3977 4215 4339 4361 4367 4502 4522 4593 4647 4714 4746 4748 4854 4871 4874 4876 4881 4982 4999 
13 194 216 398 405 471 515 538 639 737 899 943 971 990 1052 1064 1125 1231 1256 1260 1406 1454 1473 1557 1583 1602 1605 1716 1759 1817 1899 1903 2025 2055 2069 2082 2231 2233 2302 2363 2475 2528 2714 2724 2750 2785 2848 2906 2941 3128 3153 3179 3189 3227 3257 3275 3324 3342 3562 3640 3732 3756 3759 3868 3900 4090 4104 4144 4197 4275 4291 4416 4465 4500 4528 4657 4699 4702 4742 4743 4792 4818 4828 4910 4940 4961 
8 31 49 123 234 284 312 326 392 435 459 525 633 683 767 786 883 1134 1147 1157 1207 1291 1393 1426 1493 1508 1560 1635 1697 1811 1937 1950 2135 2175 2202 2228 2280 2283 2394 2424 2437 2531 2569 2608 2686 2808 2846 2958 3035 3057 3088 3111 3222 3228 3230 3283 3321 3506 3552 3570 3666 3813 3825 3838 3874 3901 3922 4006 4071 4162 4263 4362 4381 4395 4440 4481 4539 4541 4570 4680 4745 4921 4933 
394 523 540 564 565 620 634 692 751 782 793 816 822 826 891 911 967 982 1008 1165 1172 1193 1204 1219 1296 1337 1358 1430 1433 1459 1463 1708 1714 1909 1947 2105 2124 2146 2167 2194 2197 2272 2278 2313 2315 2467 2877 2913 3061 3062 3071 3101 3124 3165 3217 3311 3339 3378 3436 3437 3467 3474 3560 3662 3682 3702 3729 3765 3973 3996 4021 4058 4075 4088 4140 4256 4327 4335 4472 4588 4653 4869 
5 35 56 79 134 171 309 322 334 338 580 693 695 802 838 900 936 1063 1070 1179 1286 1290 1302 1304 1378 1444 1461 1476 1573 1592 1628 1677 1688 1707 1814 1826 1866 1897 1951 2087 2149 2186 2222 2402 2517 2699 2701 2741 2766 2847 2850 2895 2974 3032 3126 3251 3433 3444 3527 3681 3722 3755 3802 3879 3889 4001 4063 4129 4135 4141 4237 4386 4434 4631 4638 4643 4797 4812 4863 4897 
7 197 232 285 343 366 373 418 423 485 647 763 912 937 979 1113 1202 1270 1293 1533 1540 1555 1596 1671 1704 1834 1925 1969 2142 2212 2295 2356 2366 2430 2489 2548 2703 2717 2729 2788 2802 2851 2859 2924 2945 2957 2972 3085 3114 3206 3279 3355 3356 3358 3367 3368 3425 3441 3509 3548 3607 3704 3713 3774 3866 3931 3990 4018 4035 4167 4254 4290 4370 4490 4609 4696 4942 4955 4956 
59 108 221 424 448 491 502 514 532 574 591 614 667 797 842 908 1124 1139 1245 1282 1418 1424 1451 1530 1551 1625 1630 1633 1640 1676 1698 1748 1824 1864 2058 2116 2128 2224 2336 2384 2444 2689 2799 2822 2843 2915 2943 2947 3021 3063 3080 3183 3266 3416 3440 3567 3619 3827 3837 3843 3891 4029 4187 4246 4294 4314 4354 4382 4393 4441 4568 4617 4652 4698 4761 4807 4822 4927 4960 
76 93 203 214 271 274 457 498 587 668 679 685 699 706 749 784 917 926 928 995 1121 1168 1382 1394 1404 1485 1636 1683 1956 2046 2154 2168 2184 2221 2247 2321 2442 2469 2591 2614 2756 2845 2927 2934 2964 3020 3147 3243 3254 3277 3351 3424 3469 3498 3554 3598 3685 3726 3833 4045 4152 4360 4391 4455 4484 4498 4504 4595 4607 4612 4688 4720 4762 4764 4786 4873 4911 4941 4980 
3 63 122 259 332 342 370 475 542 554 660 671 726 795 961 1002 1119 1174 1180 1259 1435 1656 1672 1721 1773 1816 1900 1932 2035 2155 2181 2438 2468 2494 2577 2586 2613 2778 2779 2790 2928 2953 2961 3014 3018 3073 3182 3199 3307 3393 3451 3523 3536 3587 3672 3699 3738 3762 3798 3876 4082 4118 4155 4297 4342 4363 4375 4396 4435 4473 4482 4512 4840 4877 4902 4989 4997 
154 225 250 261 270 300 406 539 577 627 674 682 732 809 869 887 1033 1115 1136 1194 1199 1266 1268 1277 1334 1346 1384 1391 1469 1563 1616 1746 1792 1943 2009 2037 2065 2075 2316 2465 2511 2574 2642 2723 2765 2811 2937 2996 3148 3172 3264 3273 3390 3408 3708 3747 3780 3814 3927 3967 4053 4097 4299 4345 4364 4379 4399 4572 4596 4661 4722 4724 4773 4838 4849 
199 352 356 460 482 527 551 596 636 710 741 768 960 1048 1073 1218 1235 1370 1450 1641 1765 1820 1855 1887 1896 2012 2019 2043 2062 2103 2136 2137 2381 2413 2463 2487 2496 2669 2695 2715 2781 2856 2878 2918 2948 2989 3072 3171 3391 3455 3488 3489 3546 3583 3768 3777 3785 3826 3930 4019 4020 4211 4255 4355 4401 4442 4483 4487 4497 4508 4602 4644 4674 4690 4936 
2 22 29 153 172 244 245 258 336 350 391 473 494 495 656 708 866 1016 1197 1264 1289 1377 1472 1690 1764 1783 1797 1806 2014 2265 2324 2382 2383 2390 2482 2634 2635 2667 2674 2719 2722 2763 2770 2780 2875 3091 3120 3158 3196 3268 3572 3688 3697 3805 3834 3916 3933 4047 4089 4091 4127 4159 4225 4233 4488 4523 4583 4704 4729 4731 4801 4862 4983 
131 135 164 184 211 223 308 595 705 740 774 918 1066 1171 1254 1333 1517 1988 2017 2031 2094 2130 2148 2166 2237 2305 2410 2516 2536 2640 2647 2649 2784 2789 2869 2976 2986 2995 3007 3031 3086 3142 3231 3260 3262 3271 3333 3379 3505 3646 3766 3789 3793 3873 3893 3895 3917 3918 4008 4069 4106 4268 4325 4408 4464 4550 4655 4686 4793 4808 4949 4959 4968 
17 80 344 474 480 613 934 941 1025 1074 1280 1415 1607 1609 1637 1661 1780 1784 1892 1924 2092 2122 2248 2294 2299 2339 2367 2416 2539 2656 2720 2767 2772 2853 2920 3038 3151 3235 3250 3304 3336 3359 3385 3427 3472 3514 3542 3660 3739 3752 3806 3913 3945 3966 4024 4044 4188 4224 4333 4425 4429 4437 4518 4560 4569 4676 4677 4767 4825 4878 4967 
19 82 139 219 355 401 451 504 567 622 686 712 719 833 1024 1058 1520 1600 1639 1657 1758 2022 2203 2218 2263 2281 2330 2385 2389 2406 2407 2408 2592 2599 2692 2694 2751 2899 3001 3003 3030 3175 3267 3280 3292 3299 3315 3419 3435 3510 3812 3844 3924 3934 4148 4166 4305 4351 4412 4428 4432 4566 4803 4816 4834 4868 4931 4939 4958 4978 
42 64 83 160 238 265 321 346 371 386 416 426 505 512 605 750 777 798 839 856 914 1089 1130 1135 1140 1237 1250 1710 1739 1752 1769 1874 1890 2054 2111 2179 2333 2344 2476 2509 2725 2838 2870 2917 3006 3041 3042 3174 3195 3380 3438 3456 3568 3611 3763 3907 3950 4051 4055 4143 4195 4289 4300 4344 4359 4405 4469 4525 4737 4763 
34 111 167 295 311 534 536 546 843 846 1006 1011 1103 1205 1220 1248 1621 1654 1706 1718 1729 1735 1787 1832 1854 1868 1982 2290 2300 2340 2405 2472 2565 2611 2615 2661 2670 2854 3178 3181 3188 3285 3403 3422 3490 3502 3540 3590 3626 3649 3693 3959 4062 4068 4202 4274 4280 4306 4347 4424 4461 4462 4514 4538 4670 4695 4811 4954 4992 
96 241 290 349 425 454 589 725 823 947 949 993 1075 1131 1159 1211 1217 1253 1325 1624 1686 1712 1722 1827 1833 1922 2044 2107 2220 2238 2240 2268 2269 2373 2417 2552 2739 2777 2844 2863 2887 2977 2984 3022 3058 3075 3238 3341 3377 3518 3581 3620 3634 3786 3817 3894 4030 4151 4279 4288 4326 4419 4521 4532 4543 4713 4726 4774 4783 
36 162 208 212 384 387 409 412 450 479 493 584 609 731 744 771 907 964 1167 1183 1222 1242 1263 1288 1375 1518 1534 1595 1606 1778 1795 1968 1980 2000 2024 2042 2068 2159 2172 2185 2227 2404 2563 2629 2666 2737 2907 2940 3023 3295 3529 3553 3596 3621 3632 3669 3770 3904 4083 4132 4178 4212 4313 4439 4485 4805 4827 4970 
144 147 148 196 260 472 541 568 676 779 955 1049 1050 1069 1178 1246 1324 1410 1474 1503 1586 1638 1670 1726 1794 1944 2013 2079 2104 2176 2349 2372 2562 2566 2580 2810 3115 3218 3291 3322 3504 3571 3580 3692 3841 3848 3851 3968 3987 3988 3995 4126 4145 4271 4303 4413 4450 4519 4700 4721 4734 4799 4819 4891 4901 4965 
71 75 170 180 316 324 351 437 461 543 547 640 688 807 832 906 942 957 1118 1257 1318 1376 1543 1650 1840 1921 2003 2016 2060 2073 2223 2310 2332 2436 2455 2571 2730 2760 2820 2835 2985 3491 3493 3638 3655 3674 3677 3754 3783 3883 4009 4139 4153 4273 4328 4402 4423 4524 4651 4669 4684 4709 4749 4850 4998 
9 174 175 189 213 278 325 353 376 380 402 487 522 604 642 722 766 854 864 974 983 1081 1095 1149 1272 1456 1457 1471 1487 1514 1546 1858 1872 1934 1996 2173 2499 2507 2518 2620 2676 2803 2919 3082 3116 3161 3246 3329 3384 3415 3450 3463 3658 3684 3914 4175 4251 4357 4458 4691 4738 4788 4925 4987 
52 289 328 367 372 415 533 537 586 641 734 745 913 953 999 1160 1173 1278 1466 1467 1502 1523 1547 1564 1580 2001 2063 2341 2453 2456 2588 2625 2648 2678 2865 2968 2971 2988 2990 2999 3214 3297 3348 3381 3575 3743 3800 3808 3854 3936 4022 4208 4269 4407 4409 4554 4559 4759 4844 4914 4916 4928 4948 4969 
77 177 195 276 294 364 422 610 715 813 946 959 1015 1087 1096 1230 1247 1343 1395 1442 1483 1496 1578 1618 1646 1733 1848 1911 1994 2091 2255 2270 2343 2351 2555 2581 2643 2816 2824 3047 3059 3290 3313 3323 3376 3399 3454 3543 3599 3602 3645 3860 3910 3963 4010 4025 4136 4235 4266 4476 4780 4896 4905 4923 
0 201 229 246 369 375 390 411 442 678 743 806 865 954 1014 1177 1188 1213 1265 1281 1332 1338 1387 1490 1753 1870 1958 2020 2032 2051 2138 2162 2187 2234 2253 2538 2547 2590 2876 2901 2933 3028 3096 3236 3258 3460 3484 3551 3668 3698 3740 3781 3960 3980 4092 4270 4384 4555 4594 4646 4664 4678 4758 
68 146 263 293 299 399 652 778 803 835 927 1044 1054 1182 1234 1287 1306 1390 1412 1565 1673 1695 1790 1791 1796 1837 1972 1981 2040 2078 2209 2286 2431 2434 2443 2682 2700 2744 2956 2960 2962 2969 3192 3198 3234 3328 3335 3354 3401 3585 3657 3696 3703 3792 3855 3997 4017 4023 4204 4240 4376 4630 4847 
25 69 104 257 429 440 463 477 562 850 948 1068 1221 1224 1239 1274 1355 1365 1522 1732 1755 1878 1933 2096 2113 2260 2303 2380 2505 2534 2553 2575 2645 2726 2752 2759 2764 2855 2891 2916 2936 3137 3272 3327 3331 3476 3520 3566 3643 3705 3772 3787 3823 4005 4049 4338 4343 4534 4558 4765 4820 4926 
60 130 267 378 470 484 510 615 821 857 870 1018 1035 1057 1232 1417 1495 1498 1648 1720 1882 2193 2200 2242 2282 2441 2448 2504 2521 2823 2837 2944 3103 3108 3212 3255 3286 3338 3392 3487 3796 3858 3942 3948 3994 4000 4121 4124 4183 4216 4231 4236 4324 4348 4369 4451 4542 4611 4654 4769 4964 4974 
74 105 159 283 301 304 413 431 464 488 519 545 563 575 654 657 799 848 910 931 991 1051 1175 1408 1427 1434 1507 1594 1754 1823 1860 1891 1967 2115 2192 2258 2350 2597 2704 2831 2872 3077 3340 3373 3417 3486 3603 3605 3629 3842 3897 4105 4112 4125 4157 4214 4227 4247 4480 4641 4662 
100 140 239 256 500 506 618 628 893 916 956 989 1019 1036 1043 1185 1374 1413 1511 1527 1668 1772 1776 1810 1957 2021 2048 2081 2274 2276 2411 2450 2461 2551 2576 2660 2833 2861 3056 3093 3138 3177 3210 3445 3449 3679 3718 3925 3998 4095 4107 4242 4245 4577 4580 4591 4754 4830 4833 4984 4986 
101 109 317 319 340 436 497 583 607 662 666 847 880 896 1128 1166 1215 1241 1276 1328 1579 1634 1658 1724 1877 1942 2236 2243 2261 2264 2284 2337 2429 2471 2532 2602 2624 2662 2749 2849 2857 2879 2983 3119 3122 3135 3239 3284 3407 3559 3624 3642 3832 4002 4584 4604 4740 4906 4908 4976 
10 248 314 421 466 483 606 630 646 680 690 696 862 952 968 1046 1110 1223 1372 1422 1584 1599 1627 1727 1760 1841 2139 2206 2287 2358 2371 2519 2745 3098 3106 3208 3287 3369 3434 3534 3764 3797 3902 3944 3949 4181 4194 4207 4284 4456 4478 4537 4546 4573 4581 4582 4770 4821 4842 
178 345 438 490 553 592 598 663 800 976 1092 1301 1308 1323 1373 1440 1499 1615 1669 1693 1844 1863 1875 2145 2329 2497 2540 2598 2621 2627 2753 2796 2836 3100 3125 3209 3220 3242 3325 3361 3614 3654 3694 3745 3751 3815 4120 4190 4292 4392 4433 4536 4576 4578 4598 4640 4648 4706 4717 
182 185 204 222 462 544 664 694 724 730 794 859 868 919 925 1034 1112 1352 1550 1744 1835 1850 1961 2112 2132 2318 2355 2392 2397 2606 2664 2902 2914 2973 3044 3281 3347 3357 3782 3788 3856 3903 3985 4037 4038 4114 4182 4200 4218 4400 4660 4719 4753 4772 4884 4895 4900 
190 210 548 555 558 635 792 885 958 1001 1078 1109 1189 1330 1360 1436 1535 1598 1608 1617 1919 2041 2097 2230 2600 2659 2668 2680 2705 2754 2798 2819 3053 3121 3156 3185 3525 3631 3712 3769 3791 3804 3809 3946 4100 4137 4150 4331 4411 4683 4778 4784 4789 4832 4909 4930 4990 
4 26 43 302 337 528 600 867 1079 1088 1398 1524 1553 1587 1687 1702 1766 2089 2225 2285 2357 2428 2460 2486 2783 2794 2809 2858 2871 2881 2885 2890 2892 2921 3241 3302 3308 3395 3508 3845 3875 4042 4046 4142 4186 4189 4276 4460 4597 4649 4658 4692 4711 4894 4985 
157 193 286 716 727 830 1258 1342 1409 1453 1519 1548 1591 1623 1692 1711 1745 1789 1812 1881 1918 2059 2100 2256 2374 2379 2420 2427 2852 3066 3076 3102 3112 3187 3298 3432 3465 3517 3561 3721 3896 3999 4014 4165 4230 4334 4350 4383 4515 4635 4639 4757 4836 4918 4919 
28 116 119 141 179 236 273 298 408 428 650 653 871 872 898 915 1012 1060 1071 1129 1238 1249 1311 1326 1839 2074 2088 2296 2479 2492 2537 2707 2952 3117 3362 3468 3515 3604 3612 3633 3700 3728 3761 3869 3906 3908 4365 4397 4453 4513 4781 4843 4995 
30 37 40 48 81 137 207 377 385 513 520 556 933 945 1020 1083 1162 1558 1655 1719 1747 1800 1808 1910 1990 2170 2204 2622 2690 2693 2935 3029 3099 3110 3160 3221 3343 3344 3409 3635 3863 3989 4239 4243 4248 4312 4493 4503 4551 4790 4865 4938 4991 
215 269 368 434 711 805 886 1065 1143 1228 1305 1761 1867 1914 1935 2026 2423 2445 2549 2557 2633 2889 2905 2911 2993 3149 3278 3294 3332 3337 3389 3512 3569 3720 3733 3840 3972 3975 3982 4099 4169 4170 4192 4378 4415 4592 4687 4732 4752 4798 4870 4913 4922 
247 432 443 811 814 950 981 1026 1100 1225 1353 1356 1402 1403 1576 1590 1604 1610 1770 1846 1851 1946 1976 1987 2057 2072 2090 2376 2524 2626 2893 3005 3037 3039 3109 3157 3270 3404 3532 3641 3928 3957 4076 4117 4133 4221 4315 4318 4650 4707 4791 4839 4848 
6 98 262 279 455 585 752 789 829 877 1344 1389 1512 1566 1643 1728 1740 1828 1949 2011 2093 2348 2400 2500 2527 2630 2787 2795 2908 2939 2942 3164 3334 3423 3574 3588 3691 3711 3831 3983 4043 4101 4115 4229 4310 4563 4666 4668 4725 4810 4875 4988 
51 151 155 306 661 728 739 828 1053 1090 1114 1150 1198 1210 1216 1315 1381 1516 1652 1691 1757 1819 1945 2010 2245 2470 2683 2709 2860 2866 2931 2932 3140 3162 3170 3244 3589 3610 3639 3750 3864 3884 3969 4033 4040 4257 4516 4526 4629 4787 4889 4981 
89 187 227 320 333 445 452 594 601 608 895 966 969 996 1038 1196 1354 1447 1731 1838 2126 2163 2259 2328 2347 2595 2654 2663 2762 3123 3261 3345 3382 3421 3647 3816 3870 3921 3952 4056 4116 4193 4264 4420 4520 4531 4571 4672 4756 4804 4898 
33 47 186 268 297 323 389 414 417 923 938 1146 1170 1314 1443 1475 1571 1730 1992 2099 2109 2119 2120 2217 2365 2594 2748 2825 3048 3070 3078 3303 3375 3480 3513 3522 3550 3888 3991 4079 4198 4228 4316 4372 4389 4506 4587 4616 4636 4886 
65 128 132 348 374 721 748 827 878 977 1107 1307 1309 1322 1348 1351 1361 1371 1400 1510 1538 1585 1647 1829 1927 1952 2034 2064 2398 2415 2478 2550 2681 2733 3036 3092 3426 3446 3836 3861 3871 3951 4234 4253 4459 4477 4544 4618 4899 4947 
84 97 168 292 305 315 400 427 875 975 986 1098 1201 1458 1462 1611 1736 1799 2038 2080 2133 2150 2151 2244 2252 2298 2334 2449 2513 2862 2967 2992 3019 3105 3131 3152 3219 3276 3418 3443 3600 3637 4041 4176 4265 4267 4317 4533 4627 4934 
106 115 143 205 303 354 535 593 707 723 944 1000 1164 1339 1349 1362 1423 1439 1441 1680 1898 2246 2271 2474 2498 2514 2587 2721 3252 3253 3365 3383 3727 3882 3912 3979 4011 4070 4073 4134 4206 4296 4301 4346 4368 4422 4608 4665 4837 4963 
113 230 296 341 531 557 638 684 817 825 1007 1061 1200 1208 1233 1345 1481 1685 1859 1904 2342 2512 2710 2735 2738 2791 3027 3240 3269 3310 3406 3414 3736 3753 3811 3859 3923 3993 4061 4123 4130 4309 4341 4385 4426 4603 4815 4888 4937 4973 
86 88 161 275 379 629 972 1027 1031 1122 1227 1347 1380 1468 1492 1497 1582 1995 2049 2144 2156 2254 2360 2432 2459 2466 2604 2677 2684 2801 2886 3145 3146 3191 3225 3430 3482 3652 3709 3822 3887 4138 4417 4438 4527 4548 4557 4681 4697 
1 44 145 183 509 837 851 978 1029 1106 1116 1190 1292 1331 1929 1965 2061 2164 2190 2214 2249 2308 2325 2362 2495 2526 2545 2583 2708 2782 2818 2884 3002 3074 3497 3503 3687 3784 3846 3857 3862 3898 3939 3955 4449 4718 4882 4935 
21 191 228 252 287 476 704 920 984 1086 1137 1312 1699 1703 1842 1960 1984 2007 2143 2198 2395 2452 2578 2842 2978 3104 3176 3180 3363 3447 3481 3499 3501 3516 3636 3676 3746 3748 3803 4168 4250 4285 4574 4621 4634 4766 4883 4966 
78 165 347 419 790 858 1229 1425 1484 1559 1662 1696 1788 1813 1845 1928 1964 2101 2121 2279 2401 2421 2454 2520 2522 2579 2582 2618 2736 2743 2793 2839 3008 3016 3055 3245 3306 3320 3349 3374 3471 3608 3984 4149 4161 4733 4887 4904 
318 441 549 588 658 787 824 841 970 1093 1240 1255 1501 1568 1570 1572 1865 1883 2045 2462 2535 2596 2740 2975 2998 3012 3034 3398 3500 3519 3577 3618 3622 3673 3824 4013 4066 4094 4131 4184 4261 4295 4302 4390 4507 4509 4835 4856 
39 54 393 439 645 736 881 1028 1041 1120 1299 1327 1366 1515 1664 1674 1786 1917 1940 2086 2102 2180 2266 2391 2589 2685 2800 2925 2929 3049 3060 3095 3186 3215 3223 3229 3249 3485 3544 3670 3835 3940 3947 3970 4065 4249 4972 
41 87 129 176 272 327 517 560 579 597 987 1003 1251 1284 1651 1738 2006 2066 2157 2165 2369 2458 2488 2651 2658 2696 2712 2896 3033 3067 3204 3265 3353 3659 3663 4308 4336 4474 4579 4606 4656 4739 4860 4880 4932 4953 4994 
61 120 138 163 253 468 643 775 973 1097 1101 1297 1300 1359 1364 1420 1470 1577 1777 1847 1977 1989 2216 2239 2304 2327 2399 2554 2637 2688 2755 2797 2965 3011 3064 3256 3288 3771 3820 3881 3958 3981 4128 4414 4586 4675 4852 
202 240 251 631 992 1091 1214 1236 1261 1429 1482 1488 1500 1771 1907 1938 1973 1978 2052 2098 2229 2241 2491 2612 3411 3539 3545 3586 3695 3724 3767 3953 3964 4028 4080 4084 4146 4277 4311 4319 4323 4427 4463 4553 4556 4614 4626 
95 206 1203 1275 1368 1392 1479 1529 1539 1554 1589 1629 1756 1894 1902 2067 2131 2183 2188 2426 2440 2481 2653 2813 2827 2938 3004 3017 3097 3150 3224 3388 3537 3965 3986 4103 4177 4210 4213 4258 4272 4321 4511 4623 4841 4858 
14 18 23 27 280 313 507 516 612 733 773 894 1005 1037 1181 1626 1631 1682 1694 1805 1962 2033 2508 2655 2807 2963 3043 3293 3314 3316 3439 3557 3591 3731 3877 4067 4085 4307 4332 4353 4358 4457 4547 4633 4867 
45 102 114 237 329 446 632 637 738 753 761 1388 1449 1452 1506 1581 1741 1743 1825 1853 1959 2008 2028 2084 2257 2619 2632 2747 2786 2829 2912 3141 3300 3319 3400 3405 3819 3920 4074 4467 4615 4809 4853 4946 4951 
152 335 503 524 659 760 939 965 1047 1094 1104 1401 1432 1678 1737 1802 1884 2106 2196 2338 2354 2435 2610 2894 3068 3127 3312 3394 3397 3420 3442 3458 3556 3558 3737 3890 3905 3941 4012 4201 4238 4751 4831 4855 4859 
53 70 310 624 702 713 757 791 884 1062 1155 1156 1588 1653 1666 1667 1684 1843 1912 2208 2226 2546 2711 2746 2758 2970 3000 3010 3107 3132 3263 3578 3593 3760 3899 4004 4054 4356 4466 4610 4679 4727 4782 4857 
85 288 291 576 897 924 1022 1055 1056 1082 1428 1491 1494 1750 1831 1923 2171 2195 2219 2359 2378 2446 2561 2728 2814 2815 2946 3083 3169 3205 3330 3370 3492 3592 3715 3795 3974 3978 4015 4108 4232 4377 4510 4779 
67 281 433 552 649 776 820 1072 1105 1206 1294 1303 1414 1545 1675 1700 1821 1822 1953 1974 2071 2312 2353 2368 2388 2585 2616 2987 3081 3352 3667 3849 3852 3892 3976 4034 4164 4278 4394 4398 4489 4495 4777 
90 158 381 648 804 922 940 1127 1161 1367 1856 1954 1955 1966 2140 2178 2322 2352 2570 2706 2880 2966 3197 3213 3282 3386 3413 3479 3563 3601 3741 3850 3880 4003 4113 4282 4304 4430 4590 4800 4892 4915 4944 
458 530 626 689 742 985 1138 1271 1279 1310 1350 1478 1541 1862 1936 2127 2152 2250 2314 2483 2529 2556 2817 2828 3155 3366 3453 3521 3528 3555 3573 3613 3717 3909 3956 4387 4471 4600 4728 4760 4806 4879 
20 72 92 107 404 410 444 571 681 929 932 1045 1080 1191 1329 1567 1569 1632 1971 2425 2636 2718 2775 2805 2874 3025 3069 3462 3473 3477 3735 3865 4111 4244 4545 4715 4768 4776 4903 4912 4924 
32 478 581 603 675 677 714 930 1316 1369 1713 1725 1861 1941 1975 2108 2174 2560 2601 2603 2631 2665 2673 3015 3024 3051 3154 3448 3530 3742 3778 3790 3878 3915 4147 4404 4443 4601 4645 4667 4795 
46 150 282 382 395 566 599 1042 1059 1195 1269 1320 1411 1431 1509 1549 1601 1659 1908 1970 2083 2177 2289 2301 2364 2447 2480 2541 2573 3202 3464 3470 3650 3847 3867 3886 4406 4517 4663 4755 4917 
73 173 235 496 651 754 755 849 876 1013 1399 1464 1613 1681 1774 1779 1888 2433 2506 2530 2641 2882 2897 2923 3089 3296 3526 3594 3775 3935 4027 4072 4096 4109 4217 4226 4330 4452 4632 4851 4971 
611 780 788 831 861 889 963 994 1021 1040 1111 1169 1416 1528 2029 2191 2211 2251 2262 2319 2652 2792 2821 2955 3084 3139 3289 3723 3853 4060 4078 4110 4173 4262 4337 4352 4565 4671 4703 4920 
66 99 118 233 569 570 665 701 759 844 853 1460 1603 1998 2039 2110 2160 2161 2323 2403 2484 2501 2533 2657 2909 3130 3136 3144 3173 3259 3524 3565 3630 3648 4048 4222 4479 4499 4673 
127 231 361 561 617 691 703 709 762 863 874 935 962 1017 1084 1244 1319 1357 1448 1486 1614 1857 2005 2015 2273 2675 2773 2954 2991 2994 3402 4286 4293 4349 4496 4659 4794 4813 4907 
133 623 770 783 888 903 921 1010 1102 1252 1363 1504 1880 2134 2182 2199 2213 2650 2832 2834 2981 3079 3226 3274 3318 3371 3410 3429 3478 3656 3690 3707 3810 4064 4191 4410 4625 4775 
24 110 383 449 621 655 819 951 1030 1396 1525 1767 1893 1906 1930 2018 2118 2293 2297 2335 2396 2422 2485 2490 2523 2567 2644 2679 2841 3009 3040 3535 3595 4281 4589 4624 4943 
103 670 747 808 882 1099 1317 1379 1445 1544 1742 1905 1916 2023 2056 2277 2307 3232 3412 3457 3597 3686 3773 4050 4171 4209 4436 4447 4492 4575 4685 4693 4705 4710 4736 4741 4979 
124 217 277 358 360 396 403 855 901 980 1142 1145 1775 1804 1830 2267 2346 2393 2672 2774 2776 2864 3194 3200 3233 3346 3350 3547 3799 4172 4199 4475 4708 4735 4744 4824 4962 
149 218 249 362 700 746 836 998 1144 1152 1298 1536 1556 1645 1717 1782 2047 2076 2077 2117 2558 2568 2687 2731 2949 3013 3496 3616 3885 3992 4036 4057 4087 4494 4682 4890 4945 
142 467 469 687 892 1039 1262 1285 1407 1489 1513 1620 1622 1768 2070 2306 2605 2713 2757 2898 3026 3045 3065 3168 3671 3829 3961 4059 4122 4445 4642 4694 4750 4864 4950 4952 
12 91 209 481 573 582 697 834 1184 1212 1341 1749 1876 1895 1993 2543 2697 2830 3143 3163 3184 3396 3564 3579 3661 3675 3716 3744 3932 4077 4086 4403 4605 4861 4893 
15 169 200 226 453 501 698 758 1126 1151 1336 1477 1762 1849 1885 1991 2147 2232 2291 2370 2377 2771 3541 3779 3929 3943 4039 4163 4219 4287 4322 4446 4872 4975 4993 
112 243 264 330 602 717 796 860 890 1132 1405 1532 1612 1705 2123 2141 2320 2375 2387 2510 2544 3190 3211 3483 3664 3926 3938 3962 4052 4093 4158 4223 4366 4561 4977 
50 242 420 447 489 492 720 810 879 1077 1186 1446 1649 1852 1869 1901 2473 2477 2607 2646 2922 3326 3387 3431 3625 3651 3653 3665 3801 4259 4421 4444 4701 4771 
38 181 188 192 363 499 625 1023 1465 1531 1886 1963 1999 2235 2493 2503 2628 2639 2804 2888 3134 3159 3237 3301 3511 4031 4180 4220 4486 4785 4823 4845 4929 
508 529 672 673 801 1085 1273 1283 1295 1385 1562 1660 1801 2030 2129 2288 2419 2564 2584 2691 2716 2926 3360 3452 3466 3734 4119 4260 4374 4529 4723 4814 4866 
224 518 873 1117 1123 1226 1340 1723 1873 1983 1997 2004 2114 2125 2361 2623 2761 2867 3167 3776 3794 3821 3839 4081 4156 4283 4418 4431 4491 4796 4829 
339 357 359 388 511 550 769 997 1419 1421 1438 1798 2085 2189 2207 2412 2638 3046 3113 3475 3872 4185 4241 4371 4380 
94 125 852 1141 1243 1437 1619 1663 1701 2053 2418 2464 2900 2903 3627 3628 3911 3937 4468 4470 4552 4716 4957 4996 
126 559 669 1148 1153 1561 1575 1920 1979 1986 2215 2414 2457 2702 2980 3193 3459 3606 3617 3730 4016 4298 4885 
