9 161 278 294 304 350 408 410 445 505 617 692 743 776 779 790 795 855 882 943 996 1202 1244 1322 1376 1381 1495 1500 1549 1573 1723 1800 1805 1854 1855 1873 1937 1949 2013 2071 2093 2108 2138 2217 2306 2329 2387 2426 2499 2542 2565 2579 2588 2639 2692 2694 2712 2750 2839 2851 2874 2923 2974 3054 3193 3228 3336 3361 3460 3471 3477 3478 3528 3562 3620 3673 3695 3773 3866 4088 4093 4124 4131 4142 4153 4211 4243 4339 4364 4482 4501 4602 4611 4627 4636 4660 4768 4790 4852 4874 4886 
45 79 215 245 246 334 404 460 471 489 497 517 672 756 807 953 968 1100 1125 1176 1253 1354 1433 1440 1510 1566 1589 1637 1665 1724 1725 1733 1787 1828 1912 1951 1982 2121 2167 2187 2235 2287 2334 2378 2381 2561 2637 2638 2657 2682 2689 2760 2780 2891 2900 2902 3003 3021 3052 3097 3105 3156 3188 3197 3295 3427 3485 3553 3632 3689 3767 3768 3797 3881 3907 3908 3936 3942 4074 4080 4167 4200 4286 4321 4356 4382 4414 4577 4596 4686 4757 4760 4791 4794 4857 4942 4978 
81 141 196 226 293 513 688 689 697 714 735 744 748 802 849 973 1061 1106 1138 1187 1199 1206 1222 1344 1346 1378 1423 1578 1596 1597 1706 1722 1739 1751 1752 1858 1876 1887 1970 2125 2173 2208 2341 2399 2475 2510 2544 2604 2613 2616 2626 2683 2731 2892 2920 2928 3000 3008 3138 3171 3246 3284 3325 3341 3447 3515 3544 3714 3755 3786 3847 3883 3898 3914 3926 3930 4018 4034 4059 4329 4403 4423 4427 4444 4546 4671 4723 4782 4799 4805 4811 4937 4992 
12 54 138 186 187 298 465 480 485 552 566 569 682 854 898 935 950 987 1216 1226 1280 1315 1387 1560 1572 1735 1814 1877 1878 2102 2132 2142 2150 2178 2282 2317 2492 2502 2582 2607 2766 2833 2842 2861 2896 2908 3070 3296 3312 3362 3394 3430 3508 3535 3567 3648 3712 3741 3792 3923 3940 3978 4012 4042 4048 4099 4113 4134 4330 4454 4701 4716 4798 4824 4859 4968 
55 61 110 157 206 249 472 727 824 901 1003 1135 1139 1150 1172 1194 1230 1503 1545 1695 1759 1799 1816 1848 1904 1928 2059 2062 2129 2130 2145 2229 2373 2377 2451 2503 2524 2688 2752 2862 2940 3039 3112 3123 3128 3268 3534 3583 3591 3593 3772 3814 4118 4135 4258 4278 4280 4283 4358 4405 4516 4547 4591 4628 4713 4802 4839 4903 4915 4923 4924 4969 
35 90 188 239 301 341 420 428 433 598 644 704 867 934 1044 1050 1071 1122 1126 1175 1292 1511 1523 1620 1673 1701 1737 1771 1837 2058 2067 2087 2139 2202 2206 2308 2472 2620 2709 2745 2957 3034 3076 3176 3205 3237 3238 3259 3269 3290 3343 3344 3426 3462 3572 3621 3807 3892 3960 4095 4139 4172 4220 4350 4368 4472 4510 4564 4585 4752 4766 4953 
37 51 88 194 201 290 296 444 482 573 663 669 738 1114 1171 1330 1385 1527 1565 1689 1865 1868 1968 2005 2064 2081 2207 2288 2337 2398 2401 2415 2456 2464 2500 2724 2990 3062 3090 3106 3129 3231 3245 3252 3448 3517 3533 3555 3627 3636 3658 3665 3691 3698 3733 3757 3903 3909 3934 4003 4049 4052 4132 4194 4269 4303 4408 4422 4456 4639 4670 4687 
39 102 185 363 375 439 529 539 560 564 609 657 762 942 1065 1234 1288 1310 1451 1522 1533 1551 1595 1681 1764 1775 1835 1851 1933 1963 1965 1986 2215 2230 2440 2720 2941 2961 2966 3044 3078 3121 3223 3242 3377 3503 3576 3623 3630 3678 3800 3855 3888 3919 3956 3999 4009 4017 4138 4250 4411 4417 4566 4619 4623 4665 4815 4832 4966 
198 200 271 392 407 450 520 587 614 654 699 888 962 1052 1096 1264 1274 1287 1552 1634 1639 1711 1909 1917 1975 2033 2252 2266 2350 2498 2523 2539 2770 2771 2792 2845 2949 2965 3025 3272 3319 3365 3463 3729 3844 3900 3954 3977 4030 4053 4067 4110 4129 4160 4202 4234 4328 4362 4500 4554 4560 4582 4675 4710 4737 4747 4847 4872 4890 
59 92 462 572 655 729 794 873 900 952 1130 1131 1207 1390 1441 1635 1642 1741 1915 2014 2035 2074 2118 2148 2180 2253 2281 2291 2344 2444 2470 2661 2696 2753 2772 2818 2879 2899 2991 3030 3037 3094 3135 3158 3161 3178 3179 3256 3280 3339 3388 3412 3420 3436 3531 3569 3734 3737 3762 3928 3972 4050 4295 4360 4421 4715 4830 4866 4871 
58 105 145 203 261 264 415 419 421 486 499 522 541 556 603 640 721 733 797 1012 1031 1160 1179 1407 1473 1513 1579 1630 1815 2168 2297 2410 2424 2728 2740 2742 2799 2888 2939 2967 3047 3113 3125 3313 3318 3402 3455 3656 3701 3787 3845 3994 4107 4140 4180 4212 4260 4322 4335 4399 4439 4638 4649 4712 4887 4986 
167 277 288 346 351 473 498 662 773 800 981 1008 1107 1121 1124 1129 1136 1165 1190 1398 1399 1424 1463 1464 1514 1518 1561 1640 1674 1683 1699 1785 1810 1903 2419 2446 2527 2555 2593 2784 2787 2903 2906 2933 2942 3170 3203 3224 3258 3298 3625 3646 3700 3721 3868 4091 4319 4366 4406 4589 4608 4750 4912 4972 4999 
147 317 361 418 470 602 621 675 681 764 796 815 845 883 928 997 1034 1149 1238 1379 1428 1501 1526 1538 1655 1708 1831 1957 2002 2046 2104 2213 2305 2314 2331 2335 2443 2797 2814 2885 2946 2959 3137 3266 3304 3335 3360 3431 3441 3711 3771 3933 4085 4168 4235 4288 4476 4542 4612 4700 4770 4816 4817 4820 
52 91 448 506 628 930 951 1063 1082 1127 1189 1200 1271 1294 1318 1333 1337 1487 1575 1576 1610 1664 1720 1817 1974 2290 2376 2466 2471 2598 2614 2672 2746 2811 2812 2904 2909 3058 3068 3122 3213 3241 3303 3370 3410 3461 3466 3506 3594 3766 3846 3893 3969 4342 4428 4466 4544 4661 4685 4689 4793 4929 4934 4960 
113 140 227 431 455 493 553 605 716 826 960 1081 1097 1117 1204 1304 1335 1343 1490 1540 1608 1774 1983 1996 2096 2113 2393 2395 2488 2781 2790 2865 2897 2901 2937 3005 3032 3320 3331 3389 3432 3596 3769 3837 3853 3887 3915 4025 4114 4185 4239 4279 4320 4334 4470 4531 4688 4706 4725 4814 4828 4850 4963 4995 
69 72 162 315 362 403 435 615 783 812 884 906 1316 1332 1422 1484 1541 1662 1734 1792 1812 1866 1919 2166 2414 2477 2612 2808 2850 2856 3053 3066 3221 3301 3438 3445 3470 3497 3500 3501 3564 3716 3724 3890 3953 4038 4123 4196 4230 4394 4445 4490 4545 4551 4609 4749 4806 4834 4851 4853 4875 4876 4989 
139 174 178 179 234 244 475 546 701 789 810 917 959 1036 1088 1436 1606 1614 1824 1842 2008 2070 2218 2251 2277 2312 2320 2355 2455 2482 2610 2706 2785 2878 2898 3072 3200 3292 3364 3384 3491 3561 3579 3580 3633 3687 3732 3899 3932 3943 4026 4104 4203 4419 4511 4513 4522 4616 4622 4904 4917 4985 
36 65 190 197 259 674 676 685 705 726 767 816 848 931 1017 1054 1210 1269 1301 1470 1509 1622 1730 1789 1956 2039 2099 2114 2216 2233 2272 2321 2346 2411 2699 2883 2917 2924 3291 3494 3510 3526 3672 3674 3686 3710 3913 3964 4022 4121 4151 4327 4478 4502 4563 4655 4657 4694 4714 4767 4818 
84 169 193 218 548 718 820 1043 1051 1338 1478 1517 1583 1703 1704 1836 1869 1940 2154 2165 2221 2226 2322 2343 2348 2576 2611 2633 2670 2788 2807 2864 2873 2969 3006 3012 3029 3101 3216 3233 3253 3278 3368 3373 3381 3496 3518 3520 3550 3571 3680 3684 3690 4331 4379 4845 4880 
4 149 272 443 453 571 695 755 946 1072 1084 1104 1219 1223 1245 1328 1546 1588 1773 1969 2147 2236 2246 2302 2435 2643 2644 2701 2837 2886 2925 2986 3077 3207 3275 3353 3397 3429 3479 3527 3825 3918 3927 3957 3991 4046 4098 4161 4205 4231 4367 4674 4865 4898 4926 4962 
22 40 135 221 222 478 537 658 750 1014 1038 1621 1644 1659 1804 1839 1846 1892 2068 2278 2413 2418 2425 2460 2508 2553 2663 2677 2686 2725 3050 3119 3157 3315 3469 3513 3599 3660 3679 3753 3860 4072 4222 4313 4317 4491 4559 4595 4699 4738 4777 4882 
119 243 437 683 747 915 921 982 1112 1213 1225 1242 1297 1307 1348 1363 1438 1439 1447 1584 1594 1844 1853 1856 1994 2123 2136 2447 2495 2717 2761 2877 2980 3249 3473 3482 3744 3870 3885 3916 4031 4436 4450 4467 4497 4569 4673 4761 4892 4946 4976 
48 266 269 544 684 751 817 939 1273 1499 1617 1670 1768 1880 1884 1939 2047 2143 2171 2255 2261 2263 2264 2372 2392 3169 3348 3415 3601 3801 3833 3952 4102 4182 4221 4240 4242 4338 4348 4369 4370 4493 4578 4587 4695 4704 4734 4860 4907 4957 4959 
83 121 313 337 535 805 839 858 868 913 1185 1205 1278 1679 1693 1717 2015 2090 2140 2205 2421 2448 2479 2571 2594 2640 2656 2763 3087 3359 3439 3507 3525 3541 3622 3631 3635 3858 3872 4020 4094 4109 4186 4253 4307 4332 4384 4392 4441 4453 4967 
44 63 108 143 336 388 402 492 511 565 843 1005 1074 1163 1243 1254 1334 1388 1395 1948 2026 2051 2100 2353 2483 2526 2730 2754 2871 3010 3075 3556 3685 3751 3818 3894 3979 4044 4108 4154 4164 4213 4236 4272 4312 4504 4733 4885 4943 4983 
80 146 160 236 255 274 299 576 686 827 829 938 1120 1356 1406 1647 1660 1709 2065 2122 2469 2630 2715 2718 2758 2863 2998 3146 3153 3317 3323 3405 3409 3440 3488 3499 3809 3875 3963 4005 4251 4290 4641 4648 4707 4779 4807 4908 4984 
14 17 208 223 409 483 687 784 850 861 990 998 1019 1105 1143 1613 1698 1731 1895 1930 1955 1997 2019 2164 2183 2224 2318 2530 2674 2678 2735 2860 3127 3182 3189 3575 3624 3697 3861 3961 4096 4257 4306 4376 4443 4571 4809 4856 4979 
240 309 353 441 449 481 856 941 961 1239 1241 1256 1291 1491 1515 1702 1767 1870 1913 1966 2095 2116 2128 2227 2634 2726 2804 2981 3406 3540 3543 3606 3644 3663 3761 3795 3947 4075 4264 4289 4315 4391 4398 4471 4555 4570 4575 4605 
248 254 319 457 563 606 661 667 691 804 866 881 1092 1111 1186 1367 1372 1580 1581 1623 1694 1976 2109 2117 2225 2250 2354 2461 2481 2515 2729 2822 3366 3523 3585 3628 3643 3645 3775 3804 3925 4273 4381 4425 4565 4901 4965 4971 
82 484 610 660 678 825 1444 1465 1654 1680 1754 2072 2192 2325 2356 2357 2403 2417 2547 2551 2584 2603 2756 2767 2867 2978 2985 3143 3411 3476 3532 3614 3639 3735 3784 3832 4033 4215 4256 4266 4433 4683 4711 4759 4778 4921 4939 
24 233 289 310 452 567 585 698 933 1137 1195 1564 1766 1786 1801 1874 1899 1967 2023 2156 2211 2409 2821 2870 2876 2996 3038 3180 3276 3306 3408 3522 3615 3779 3879 3921 3937 3945 4063 4176 4281 4296 4459 4524 4574 4601 4651 
180 256 306 367 423 785 832 909 1000 1009 1062 1266 1303 1405 1430 1542 1653 1678 1788 1942 2004 2048 2061 2085 2086 2336 2380 2432 2433 2491 2505 2577 2714 2805 2979 3118 3124 3235 3330 3444 3493 3521 4233 4365 4372 4916 4997 
118 128 165 374 671 703 831 851 1159 1229 1251 1368 1485 2000 2239 2296 2458 2546 2599 2602 2636 2645 2648 2704 2789 3084 3099 3206 3285 3602 3748 4051 4126 4143 4170 4195 4207 4268 4325 4336 4457 4503 4598 4691 4722 4889 4981 
217 447 474 476 514 611 638 739 857 954 956 1459 1466 1471 1498 1682 1738 1743 1756 1793 2012 2052 2134 2521 2872 2921 3018 3145 3222 3243 3400 3419 3641 3681 3693 3822 3839 3852 3901 4065 4071 4199 4227 4415 4615 4787 4944 
297 389 467 545 813 923 1010 1057 1086 1128 1177 1284 1300 1351 1353 1605 1684 1726 1811 1819 1910 2304 2345 2441 2583 2698 2747 2841 2846 2866 2929 3013 3027 3055 3107 3109 3524 3551 3598 4181 4629 4808 4895 4897 4975 
38 56 98 106 133 159 182 241 357 591 613 636 766 793 808 978 1119 1192 1277 1289 1324 1361 1628 1813 1872 1896 1914 1927 2073 2214 2597 2836 2956 3014 3085 3638 3843 3874 4223 4241 4646 4677 4740 4920 
8 16 49 107 120 338 373 436 458 551 706 740 746 833 844 880 1089 1233 1452 1496 1619 1652 1705 1721 1762 1832 1863 2029 2097 2222 2367 2436 2795 2884 2989 3453 3545 3912 3941 4014 4189 4401 4534 4958 
101 112 360 370 384 390 397 416 627 639 914 1045 1155 1164 1432 1504 1536 1667 1822 2175 2188 2430 2911 2918 3136 3219 3255 3329 3726 3841 3850 3880 3981 3992 4208 4232 4276 4346 4495 4521 4594 4843 4855 4988 
175 331 515 516 630 680 728 846 971 1002 1260 1308 1325 1427 1558 1592 1779 1794 1905 2001 2049 2076 2209 2247 2363 2375 2537 2650 2848 2868 2890 3308 3379 3391 3655 3808 4032 4086 4224 4271 4292 4854 4911 4948 
23 114 214 311 371 538 763 768 1141 1272 1697 1907 1944 2045 2212 2351 2416 2684 2693 2710 2829 2831 2857 3186 3334 3705 3765 3834 3949 3970 3974 4000 4247 4262 4488 4517 4548 4668 4727 4729 4786 4896 4905 4909 
85 189 326 578 635 651 899 902 974 1046 1047 1167 1383 1574 1691 1796 1845 2195 2242 2316 2352 2422 2445 2486 2621 2649 2655 2930 2953 2954 3217 3283 3297 3417 3487 3990 4036 4245 4267 4402 4447 4461 4883 4918 
11 64 205 207 422 652 709 757 865 1066 1537 1602 1611 1651 1900 2292 2303 2484 2653 2681 2749 3098 3162 3271 3356 3387 3584 3653 3780 3791 3824 3962 4097 4214 4297 4337 4553 4696 4697 4741 4819 4849 4931 
181 230 258 327 329 364 454 590 742 1026 1040 1053 1402 1661 1690 1769 1920 1935 2137 2293 2369 2396 2506 2721 2755 2764 2806 2951 2970 3139 3142 3183 3185 3226 3261 3386 3442 3539 3560 3799 4027 4731 4810 
26 30 31 125 260 279 378 383 521 749 874 947 1039 1268 1298 1431 1547 1888 1897 2016 2153 2228 2289 2358 2359 2391 2905 3082 3093 3100 3114 3196 3682 3796 3976 4159 4183 4309 4371 4448 4730 4743 4864 
50 626 853 889 983 994 1115 1246 1357 1373 1412 1512 1521 1600 1772 1847 2193 2254 2382 2397 2462 2520 2536 2775 2882 2936 3270 3324 3519 3530 3670 3703 3988 4007 4237 4246 4434 4473 4603 4676 4780 4826 
18 163 168 287 332 531 540 761 1032 1102 1180 1312 1421 1591 1603 1778 1797 1926 2077 2078 2094 2307 2340 2596 2711 2815 2840 2854 2992 3083 3347 3392 3458 3754 3950 3993 4254 4393 4410 4599 4635 4663 
46 53 68 87 171 461 491 582 593 707 814 892 1099 1211 1236 1365 1457 1472 2155 2309 2568 2605 2757 2960 3024 3140 3536 3581 3764 3790 4016 4062 4082 4122 4165 4187 4217 4387 4479 4515 4537 4804 
152 209 382 496 583 584 693 760 860 876 944 1079 1080 1209 1214 1425 1586 1643 1675 1823 2080 2386 2412 2457 2635 2708 2894 2913 2947 2988 3181 3382 3437 3595 3829 3895 4150 4204 4484 4512 4539 4970 
6 34 47 164 387 438 670 702 811 1087 1140 1240 1250 1340 1458 1757 1783 1843 1979 2089 2146 2157 2504 2618 2624 2625 2734 2997 3026 3036 3117 3274 3434 3490 4137 4291 4396 4526 4644 4650 4732 4945 
96 134 235 318 577 623 1359 1396 1616 1729 1890 1898 1922 2041 2060 2103 2115 2420 2512 3028 3079 3130 3133 3160 3184 3288 3302 3617 3707 3830 3896 4021 4136 4206 4259 4449 4485 4613 4708 4813 4838 4848 
216 612 964 1085 1113 1145 1220 1489 1599 1715 1798 1840 1886 1947 2101 2105 2273 2518 2543 2671 2687 2800 3151 3264 3293 3403 3659 3723 3759 3910 3939 4076 4418 4552 4597 4653 4680 4692 4705 4795 4891 
78 117 349 487 581 642 863 993 1110 1157 1212 1414 1483 1505 1672 1985 1998 2021 2044 2107 2149 2328 2550 2646 2664 2695 2912 2922 3091 3568 3609 3688 3819 4013 4070 4179 4216 4304 4347 4831 4961 
456 479 643 886 893 999 1015 1170 1231 1247 1296 1323 1375 1482 1555 1582 1891 1929 2006 2053 2400 2564 2719 3035 3150 3165 3316 3446 3570 3719 3911 4177 4193 4430 4588 4630 4718 4724 4822 4893 
104 192 302 625 648 734 753 778 894 957 995 1042 1068 1174 1567 1569 1587 1728 1763 1950 2030 2111 2203 2280 2541 2617 2658 2819 3081 3232 3423 3574 3731 3854 3871 3989 4079 4190 4927 
29 71 109 342 719 841 918 975 989 1021 1123 1329 1386 1474 1516 1615 1780 2018 2119 2371 2389 2467 2779 2895 3059 3102 3155 3305 3708 3891 3982 4141 4163 4248 4341 4431 4536 4698 4840 
10 42 62 242 633 806 896 1156 1191 1249 1258 1409 1543 1571 1666 1712 1776 1932 2055 2161 2201 2311 2586 2994 3126 3218 3299 3619 3702 3789 3813 4081 4238 4299 4395 4669 4776 4827 4940 
66 177 368 588 818 842 969 1221 1224 1259 1342 1352 1426 1456 1480 1598 1612 2028 2817 2926 3016 3041 3192 3195 3396 3481 3547 3588 3882 4008 4084 4090 4351 4435 4442 4519 4538 4682 4833 
70 103 124 253 333 837 1058 1144 1263 1382 1601 1860 1864 2112 2326 2407 2497 2662 2679 2748 2778 2782 2791 3148 3265 3309 3322 3421 3451 3649 3725 3778 4324 4549 4632 4720 4877 4925 4982 
132 202 247 359 377 463 965 992 1007 1449 1479 1604 1641 1882 2017 2276 2379 2669 2697 2915 2935 2938 3227 3332 3349 3422 3537 3668 3803 3817 3917 3938 4064 4147 4173 4468 4586 4947 4952 
356 411 495 534 568 620 897 1184 1188 1252 1279 1377 1550 1676 1841 1911 1936 1961 2319 2360 2574 2585 2654 2796 2803 3045 3120 3194 3340 3745 3965 3987 4002 4105 4440 4530 4753 4977 
142 393 543 629 634 771 772 929 980 1006 1030 1265 1309 1394 1401 1417 1454 1719 1760 1802 1830 2347 2428 2703 2869 3311 3328 3435 3484 3573 3612 3816 3835 4077 4101 4120 4579 4624 
322 589 619 690 712 1261 1403 1461 1506 1607 1658 1849 1867 1871 1945 1980 2267 2279 2283 2478 2631 2769 3031 3042 3326 3637 3782 3897 4001 4019 4039 4068 4191 4323 4662 4797 4870 4919 
330 352 519 600 823 1083 1360 1411 1416 1528 1626 1859 1889 1992 2042 2120 2126 2549 2619 2632 2759 2943 3063 3167 3294 3577 3647 3924 4061 4287 4452 4465 4567 4584 4788 4841 4930 
19 123 343 440 586 594 724 955 1022 1098 1255 1339 1380 1700 1727 2020 2022 2106 2131 2198 2384 2501 2647 2765 2793 2887 2995 3065 3149 3164 3279 3414 3652 3675 3929 4210 4285 
137 372 405 525 903 910 966 1069 1147 1148 1217 1320 1370 1437 1671 1782 1938 2079 2088 2437 2773 2825 2847 2964 3086 3108 3248 3338 3350 3378 3566 3752 4029 4158 4397 4527 4620 
116 166 231 267 526 595 879 985 1108 1133 1257 1493 1507 1609 1650 2144 2223 2245 2442 2552 2558 2675 2768 2927 3154 3611 3676 4040 4111 4184 4188 4343 4426 4580 4728 4836 4950 
27 33 518 970 1198 1208 1326 1442 1820 1825 1833 1850 2234 2365 2385 2388 2511 2516 2606 2739 2852 2914 3215 3372 3398 3401 3416 3651 4015 4145 4162 4255 4378 4383 4388 4390 4762 
100 173 268 509 717 752 821 895 1151 1232 1371 1696 1795 1962 1964 2036 2151 2262 2301 2339 2514 2700 2705 2783 2794 3067 3166 3250 3826 3904 4078 4157 4474 4690 4693 4721 
28 232 312 347 490 508 710 741 1004 1101 1369 1534 1645 1745 1818 1861 1989 2003 2024 2133 2295 2429 2513 2522 2944 3064 3209 3794 4037 4117 4197 4420 4518 4763 4867 4884 
5 129 183 282 723 759 864 984 991 1037 1519 1562 1952 2025 2084 2265 2275 2284 2405 3023 3033 3057 3060 3191 3212 3229 3677 3827 4054 4374 4463 4520 4625 4863 4990 4994 
43 280 530 665 754 798 1028 1168 1384 1404 1761 1770 2238 2294 2402 2439 2476 2580 2587 2629 2652 3043 3048 3390 3610 3692 3878 3958 3973 4125 4198 4353 4458 4643 4746 4974 
115 219 224 228 250 328 365 596 637 869 1035 1429 1477 1559 1631 1713 1742 1777 1931 2241 2248 2259 2271 2298 2569 3159 3449 3504 3873 4004 4344 4437 4583 4614 4784 4938 
2 15 276 580 708 967 1530 1590 1753 1781 1984 2031 2158 2545 2999 3104 3267 3321 3399 3459 3465 3511 3661 3802 3967 3971 4045 4192 4201 4226 4477 4562 4796 4829 
391 395 424 523 641 647 791 891 1090 1091 1197 1290 1293 1408 1415 1688 2189 2210 2330 2450 2468 2494 3327 3529 3718 3785 3995 4023 4112 4119 4361 4941 4993 
67 122 150 380 413 624 656 666 932 1153 1453 1663 1784 1954 2159 2182 2557 2608 2945 2975 2977 3111 3214 3475 3480 3828 3851 3864 4089 4115 4464 4523 4803 
21 229 345 376 385 446 607 736 834 972 1067 1118 1227 1314 1341 1520 1748 2110 2622 2665 2801 2948 3056 3413 3783 3836 3840 3842 3944 4412 4424 4581 4933 
212 547 847 852 1011 1049 1064 1173 1182 1435 1468 1633 1875 1883 2286 2813 2931 2984 3001 3115 3168 3198 3374 3713 3717 3798 3946 4073 4178 4340 4572 4781 
77 111 320 324 459 504 592 885 890 1027 1313 1366 1557 1687 1732 1755 2362 2676 2702 2743 2827 3351 3355 3357 3369 3597 3629 3730 4377 4654 4703 4902 
99 466 477 502 557 575 801 937 976 1570 1901 2160 2232 2465 2480 2534 2600 2609 2777 3103 3239 3281 3404 3704 3763 3889 3920 3955 4055 4087 4514 
151 412 774 1311 1397 1508 1648 1710 1790 1943 1988 2034 2563 3049 3174 3190 3811 3815 3849 3856 3951 3997 4083 4481 4533 4604 4606 4610 4785 4837 4846 
386 604 668 711 720 979 1001 1075 1193 1991 2315 2364 2454 2525 2528 2559 2595 2762 2881 2907 2934 3260 3395 3563 3582 3604 3776 4155 4386 4556 4557 
1 153 265 770 809 819 920 940 949 1048 1419 1448 1492 1995 2050 2124 2744 2993 3017 3472 3618 3742 4116 4127 4156 4298 4380 4659 4765 4862 
432 713 927 958 1178 1183 1203 1215 1331 1389 1450 1524 1577 1834 1978 2027 2531 2707 3236 3425 3454 3492 3498 3516 3865 3931 4144 4543 4789 4906 
127 225 323 354 618 862 986 1248 1283 1345 1488 1618 1749 2256 2268 2285 2519 2540 2660 2802 3040 3074 3173 3257 3418 3587 4069 4416 4573 4792 
148 314 427 500 828 1020 1169 1585 1740 2040 2054 2333 2434 2737 2880 3015 3095 3187 3240 3443 3578 3664 3728 4146 4487 4492 4561 4593 4748 4881 
73 155 251 401 694 722 836 1829 1925 2162 2181 2844 2849 2932 2971 3287 3450 3512 4270 4284 4354 4483 4672 4717 4742 4775 4783 4888 4980 
131 252 355 358 533 1078 1276 1362 1476 1821 1981 2184 2257 2313 2575 2830 2893 2976 3092 3300 3314 3696 3781 3996 4171 4496 4592 4681 4951 
291 394 398 399 549 765 1029 1270 1525 1791 2069 2324 2474 2592 2680 2823 2838 2952 3464 3590 3831 4041 4169 4219 4349 4568 4600 4621 4869 
136 158 220 673 745 769 916 1327 1391 1535 1632 1924 2529 2659 2798 3022 3069 3201 3307 3375 3600 3736 3738 4166 4455 4835 4868 4954 
94 238 488 758 787 1095 1218 1317 1446 1636 1862 2032 2043 2141 2219 2327 2567 2722 3096 3358 3363 3548 3770 3805 4249 4363 4550 4756 
13 599 835 1358 1374 1481 1893 1906 1999 2244 2374 2493 2554 3061 3175 3592 3650 3709 3788 3966 4128 4293 4333 4359 4678 4842 4878 4964 
469 875 887 1132 1563 1758 1803 1879 2185 2270 2408 2423 2438 2727 2828 2834 2955 3131 4308 4311 4318 4404 4633 4684 4709 4821 4956 
184 204 308 562 601 631 840 905 1142 1460 1469 1627 1736 1808 2237 2260 2332 2533 2570 2623 3007 3756 3902 4028 4106 4666 4932 
156 305 379 653 780 870 1018 1146 1281 1286 1677 1807 1826 1902 2427 2666 3134 3234 3244 3509 3683 3968 4274 4345 4498 
7 464 501 527 696 782 912 936 977 1282 2009 2538 2548 3009 3020 3089 3177 3538 3559 4056 4265 4413 4429 4494 4800 
285 303 430 559 838 1060 1073 1347 1350 1462 1668 1716 1765 2776 2835 3424 3613 3642 4010 4047 4228 4301 4451 4823 4900 
286 339 442 503 775 1055 1154 1295 2083 2490 2496 2628 2691 2723 2809 2968 2983 3605 3848 3886 4385 4486 4637 4949 4998 
57 340 732 1016 1443 1638 1977 2240 2404 2651 2816 2889 2919 3202 3495 3546 3552 3812 3975 3980 4576 4607 4640 4825 4861 
176 275 369 945 1094 1267 1393 1624 1987 2135 2172 2390 2642 2667 3073 3141 3486 3662 3884 4043 4314 4812 4936 4973 
213 579 830 878 1237 1554 1916 1953 2127 2342 2453 3163 3352 3371 3634 3749 3869 4006 4103 4282 4375 4432 4509 4702 
237 608 904 1181 1306 1349 1532 1629 2194 2200 2220 2299 2383 2463 2826 3002 3230 3262 3263 3616 3667 4011 4218 4316 
536 550 926 1076 1158 1161 1434 1971 2169 2581 2732 2832 2843 3004 3132 3333 3589 3720 4092 4225 4252 4475 4525 4991 
89 170 325 451 542 632 803 1056 1093 1103 1718 1852 2269 2641 3376 3502 3657 3722 3747 3922 4060 4148 4913 
646 649 788 792 1025 1152 1162 1392 1669 1885 1960 2170 2517 2562 2738 2853 2950 3051 3554 3586 4873 4928 4987 
93 300 321 406 524 645 1228 1445 1486 1714 1959 2310 2485 2507 2566 2615 3345 3558 3746 4261 4357 4400 
307 597 725 924 1134 1593 1692 1972 1993 3152 3310 3367 3393 3739 3863 4152 4305 4645 4656 4935 4996 
574 1275 1364 1410 1529 1568 1649 2163 2572 2627 2855 3080 3199 3694 4300 4535 4618 4652 4771 4801 
32 144 677 1235 1747 1838 1934 2066 2323 2361 2370 3110 3346 4506 4529 4590 4617 4631 4726 4764 
263 532 650 664 963 1355 1746 2091 2231 2274 2824 3144 3204 3557 3750 3985 4507 4667 
191 494 622 1196 1494 1686 1908 2300 2338 3116 3514 3626 3727 3998 4719 4739 4744 4758 
335 554 911 1116 1656 1744 2057 2196 2532 2713 2972 3467 3810 3867 3983 3984 4310 4745 
344 414 426 561 872 1556 2092 2098 2204 2489 2736 2963 3088 3210 3337 3608 3666 3935 
781 822 1059 1166 1299 1685 1707 2349 2786 2858 3019 3468 3877 4489 4540 4626 4634 4772 
3 172 281 283 777 799 1946 2011 2075 2560 3251 3699 4175 4389 4647 4910 4922 
273 425 528 616 1881 2082 2177 2449 2535 3225 3342 3354 3603 3607 4263 4409 4754 
60 988 1336 2010 2152 2258 2673 2820 3383 3671 3715 3793 3948 4066 4438 4499 4664 
154 417 1070 1319 1646 2197 2243 2578 3654 3820 3876 4133 4446 4541 4642 4751 
396 871 1024 2179 2186 2190 2473 2973 3428 3457 3489 3823 4736 4755 4773 4774 
210 295 1033 1305 1990 2394 2487 2509 2987 3277 3380 3669 3959 4149 4480 
211 270 348 1413 1531 2406 2556 2982 3046 3208 3211 4229 4460 4679 4894 
366 400 558 730 1455 2176 2958 3407 3706 3743 3760 4462 4735 4899 
86 507 679 859 925 1201 1302 1750 1894 1958 2459 3806 4508 4955 
659 877 919 922 1041 1262 1321 1806 2199 2452 2716 2962 3549 4326 
20 97 130 1418 1539 2174 2733 2910 3147 3452 3565 3821 4355 4844 
95 284 316 1013 1553 2038 2431 2591 2916 3011 3838 3905 4352 
41 74 195 510 555 570 1657 2810 2859 4035 4100 4209 4528 
25 262 381 715 1023 2056 2589 2685 2690 3220 4130 4879 
199 429 1420 1921 1923 1973 2007 3247 3254 3282 3385 4277 
126 468 700 1548 1941 2191 2249 3542 4302 4469 4769 4858 
75 76 257 292 434 1502 2751 3273 3433 3740 3862 
1285 1400 1809 1827 2063 2590 2774 3483 3640 3774 4505 
737 786 1467 1544 1625 1857 3456 3777 3906 4057 4558 
907 908 2573 2601 2668 2875 3172 3289 4058 4174 4294 
512 731 1077 1109 2368 3286 3505 3857 4275 4373 
0 948 1475 1497 2037 2741 3474 4244 4532 4658 
1918 3758 3859 4914 
2366 
3071 
4024 
4407 
3986 
