10 79 242 273 404 425 528 616 633 713 806 896 927 1156 1183 1191 1249 1258 1331 1409 1524 1571 1665 1776 1828 1881 1932 1978 2082 2161 2177 2187 2201 2311 2449 2535 2637 2657 2707 2994 3021 3218 3225 3299 3342 3354 3454 3498 3603 3607 3702 3768 3797 3813 4081 4094 4144 4238 4263 4356 4382 4409 4754 4757 4776 4789 4827 4906 
44 45 245 334 388 497 517 565 756 807 843 1100 1163 1176 1253 1334 1354 1388 1433 1440 1510 1566 1637 1725 1787 1951 2100 2235 2334 2353 2483 2561 2682 2760 2780 2871 2891 2900 2902 3052 3097 3156 3197 3427 3485 3553 3632 3767 3881 3894 3908 3936 4074 4080 4167 4272 4286 4760 4791 4794 4857 4978 
86 217 447 474 476 507 514 611 638 679 739 857 859 925 954 956 1201 1302 1459 1466 1471 1498 1682 1738 1743 1750 1756 1793 1894 1958 2012 2052 2134 2459 2521 2872 2921 3018 3145 3222 3243 3400 3419 3641 3681 3693 3806 3822 3839 3852 3901 4065 4071 4199 4227 4415 4508 4615 4787 4944 4955 
55 74 77 99 157 249 320 324 459 466 477 502 557 575 592 801 937 976 1135 1139 1150 1172 1366 1570 1755 1816 1901 2059 2129 2130 2160 2232 2362 2465 2480 2524 2534 2600 2609 2777 2814 3103 3112 3239 3281 3351 3404 3583 3704 3730 3763 3814 3889 3920 3955 4024 4055 4087 4278 4514 
20 97 130 210 295 335 366 376 554 558 730 911 1033 1305 1418 1455 1539 1656 1744 1990 2057 2174 2176 2196 2394 2487 2509 2532 2713 2733 2910 2958 2972 2987 3147 3277 3380 3407 3467 3565 3669 3706 3743 3760 3810 3821 3867 3959 3983 3984 4149 4310 4355 4462 4480 4735 4745 4844 4899 
128 432 469 703 831 875 887 958 1132 1178 1203 1215 1389 1450 1563 1577 1758 1803 1834 1879 2027 2185 2270 2408 2423 2438 2531 2599 2602 2704 2727 2828 2834 2955 3099 3131 3236 3285 3425 3492 3516 3865 3931 4126 4143 4195 4268 4308 4311 4318 4404 4543 4633 4684 4709 4821 4956 
25 147 262 317 361 381 418 470 579 681 715 796 815 830 883 928 1023 1149 1538 1655 1708 1831 1916 1957 2056 2213 2305 2314 2331 2342 2443 2589 2685 2690 2946 3137 3220 3266 3335 3352 3360 3634 3771 3869 3933 4103 4130 4168 4235 4375 4432 4476 4542 4770 4820 4879 
35 90 100 173 188 268 428 509 717 752 821 895 934 1071 1126 1151 1232 1292 1371 1511 1673 1696 1795 1837 1962 1964 2036 2139 2151 2262 2301 2308 2339 2514 2620 2700 2705 2783 2794 3067 3166 3176 3250 3426 3826 3892 3904 3960 4078 4157 4172 4474 4690 4693 4721 
9 156 161 304 305 379 534 568 653 776 780 870 897 1018 1146 1281 1286 1550 1677 1807 1826 1841 1854 1902 1936 1949 2217 2306 2319 2427 2499 2579 2666 2750 2874 3134 3228 3234 3244 3340 3477 3509 3683 3866 3968 4131 4274 4345 4440 4498 4501 4874 4886 4977 
138 256 306 367 423 832 898 935 987 1000 1009 1062 1226 1266 1280 1303 1315 1430 1542 1653 1678 1735 2061 2085 2086 2142 2282 2317 2433 2491 2505 2714 2766 2805 2908 3124 3296 3444 3493 3521 3712 3741 3978 4012 4048 4099 4113 4372 4454 4824 4859 4916 4968 4997 
294 505 602 621 675 692 764 779 790 845 997 1034 1202 1238 1379 1428 1501 1526 1549 1723 1805 1873 1937 2002 2046 2104 2138 2335 2426 2565 2797 2885 2959 3304 3361 3431 3441 3460 3528 3620 3673 3711 3829 4085 4142 4288 4339 4364 4612 4636 4700 4816 4817 4852 
11 64 205 207 652 709 725 737 786 865 1467 1544 1602 1611 1625 1651 1692 1857 1972 2303 2653 2681 2749 3098 3152 3162 3271 3356 3367 3387 3393 3452 3456 3584 3653 3777 3780 3791 3863 3906 4057 4152 4214 4297 4305 4337 4553 4558 4645 4697 4819 4849 4931 
93 211 270 300 321 348 400 406 524 645 809 920 940 1048 1228 1413 1419 1445 1486 1531 1714 1959 2124 2310 2406 2485 2507 2556 2566 2615 2982 2993 3017 3046 3208 3211 3345 3472 3558 3618 3742 3746 4127 4156 4229 4261 4357 4380 4400 4460 4659 4679 4894 
95 175 192 284 302 316 728 846 957 971 995 1002 1013 1260 1553 1567 1592 1728 1779 1794 1905 2001 2038 2049 2076 2203 2247 2363 2375 2431 2537 2591 2617 2650 2868 2890 2916 3011 3391 3423 3655 3808 3838 3905 4032 4086 4271 4292 4352 4854 4911 4927 4948 
101 112 286 339 360 370 384 442 503 627 775 914 1055 1154 1155 1295 1504 1536 1667 1773 2083 2188 2490 2496 2628 2691 2723 2809 2911 2968 2983 3136 3255 3605 3726 3848 3880 3886 3981 3992 4208 4276 4346 4385 4486 4495 4521 4594 4637 4843 4949 4988 4998 
208 483 687 784 850 951 990 998 1019 1063 1105 1143 1271 1318 1333 1576 1613 1895 1930 1997 2019 2164 2183 2290 2318 2466 2471 2530 2672 2674 2678 2735 2811 2860 3058 3127 3182 3213 3461 3506 3575 3697 3766 3846 4257 4306 4376 4443 4466 4571 4685 4856 4929 
0 41 195 356 411 495 510 555 570 620 948 1184 1188 1207 1252 1279 1377 1475 1497 1657 1676 1911 1961 2037 2360 2574 2585 2654 2741 2796 2803 2810 2859 3045 3120 3194 3474 3745 3965 3987 4002 4035 4100 4105 4209 4244 4528 4530 4532 4658 4753 
22 40 135 184 308 467 537 545 562 601 750 840 1086 1128 1142 1460 1469 1605 1627 1659 2068 2237 2278 2332 2441 2533 2553 2663 2677 2686 2747 2841 2866 3007 3013 3107 3109 3119 3315 3469 3513 3551 3599 3756 4028 4559 4595 4738 4777 4808 4882 
48 266 269 544 684 751 817 939 1273 1499 1617 1670 1768 1880 1884 1939 2047 2143 2171 2255 2261 2263 2264 2372 2392 3169 3348 3415 3601 3801 3833 3952 4102 4182 4221 4240 4242 4338 4348 4369 4370 4493 4578 4587 4695 4704 4734 4860 4907 4957 4959 
1 42 62 153 265 301 433 598 770 819 949 1050 1122 1175 1448 1492 1543 1666 1712 1737 1995 2050 2055 2202 2586 2709 2744 2745 2957 3126 3205 3238 3269 3290 3619 3621 3671 3789 4095 4116 4298 4299 4368 4395 4510 4585 4669 4765 4862 4940 
37 51 88 194 201 296 444 482 663 669 1114 1171 1330 1385 1868 2005 2064 2288 2337 2398 2401 2415 2464 2500 2990 3062 3090 3106 3245 3252 3533 3555 3627 3636 3658 3665 3691 3698 3733 3757 4003 4049 4052 4194 4303 4408 4422 4456 4639 4670 
83 121 313 337 535 805 839 858 868 913 1185 1205 1278 1679 1693 1717 2015 2090 2140 2205 2421 2448 2479 2571 2594 2640 2656 2763 3087 3359 3439 3507 3525 3541 3622 3631 3635 3858 3872 4020 4109 4186 4253 4307 4332 4384 4392 4441 4453 4967 
119 243 437 683 747 915 921 982 1112 1213 1225 1242 1297 1307 1348 1363 1438 1439 1447 1584 1594 1844 1853 1856 1994 2123 2136 2447 2495 2717 2761 2877 2980 3249 3482 3744 3870 3885 3916 4031 4436 4450 4467 4497 4569 4673 4761 4892 4946 4976 
140 227 455 493 605 716 826 960 1097 1117 1204 1304 1335 1343 1490 1608 1774 1983 2113 2393 2395 2488 2781 2790 2897 2901 3005 3032 3320 3331 3432 3596 3769 3837 3853 3915 4025 4185 4239 4320 4334 4470 4531 4688 4706 4725 4828 4850 4963 4995 
2 15 276 580 659 708 877 919 922 967 1041 1116 1262 1321 1530 1590 1753 1781 1806 1984 2031 2158 2199 2452 2545 2716 2962 2999 3104 3267 3321 3399 3459 3465 3511 3549 3661 3802 3967 3971 4045 4192 4201 4226 4326 4477 4562 4796 4829 
14 17 73 223 251 401 409 701 810 836 861 917 959 1436 1606 1698 1731 1842 1955 2070 2162 2181 2224 2320 2706 3189 3200 3287 3512 3561 3624 3633 3861 3943 3961 4096 4104 4284 4483 4511 4513 4522 4672 4717 4742 4783 4809 4979 4985 
27 203 415 419 421 486 556 603 721 733 797 970 1208 1579 1820 1850 2168 2297 2511 2516 2728 2740 2742 2852 2888 2914 2967 3047 3113 3125 3313 3398 3401 3402 3455 3651 3656 3701 3787 4015 4140 4145 4180 4260 4322 4390 4399 4439 4762 
39 102 185 363 375 529 539 657 762 1065 1234 1288 1310 1451 1522 1533 1551 1681 1764 1775 1851 1933 1963 1965 1986 2720 2941 2961 2966 3044 3121 3223 3377 3576 3630 3678 3855 3888 3999 4009 4138 4250 4417 4566 4619 4623 4665 4815 4832 
63 108 143 336 402 422 492 511 757 1005 1066 1074 1243 1254 1395 1537 1900 1948 2026 2051 2292 2484 2526 2730 2754 3010 3075 3556 3685 3751 3818 3824 3962 3979 4044 4097 4108 4154 4164 4213 4236 4312 4504 4696 4733 4741 4885 4943 4983 
80 146 160 236 255 274 299 576 686 827 829 938 1120 1356 1406 1647 1660 1709 2065 2122 2469 2630 2715 2718 2758 2863 2998 3146 3153 3317 3323 3405 3409 3440 3488 3499 3809 3875 3963 4005 4251 4290 4641 4648 4707 4779 4807 4908 4984 
180 237 297 608 785 904 909 1010 1284 1300 1306 1349 1405 1532 1788 1811 1819 1910 1942 2004 2048 2194 2220 2299 2304 2336 2345 2380 2383 2432 2577 2583 2698 2826 2846 2929 2979 3055 3118 3235 3263 3330 3598 3667 4218 4233 4316 4365 4975 
199 350 410 429 617 743 795 882 943 996 1244 1376 1381 1420 1500 1800 1855 1921 1923 1973 2007 2071 2093 2108 2329 2542 2588 2692 2694 2923 3054 3193 3247 3254 3282 3336 3385 3478 3562 3695 4088 4093 4153 4211 4277 4482 4602 4660 4768 
32 94 144 238 488 677 758 787 1095 1218 1235 1317 1446 1636 1747 1838 1862 1934 2032 2043 2066 2141 2219 2323 2327 2361 2370 2567 2722 3096 3110 3346 3358 3363 3548 3770 3805 4249 4363 4506 4529 4550 4590 4617 4631 4726 4756 4764 
65 197 259 291 394 398 399 549 765 767 1017 1029 1054 1270 1470 1509 1525 1730 1791 2069 2321 2324 2346 2474 2592 2680 2699 2823 2838 2952 3291 3464 3510 3590 3710 3831 4041 4121 4151 4169 4219 4327 4349 4502 4568 4600 4621 4869 
75 257 292 322 434 589 619 690 712 1261 1403 1461 1502 1506 1607 1658 1849 1867 1871 1945 1980 2267 2279 2283 2478 2631 2751 2769 3031 3042 3273 3326 3433 3637 3740 3782 3862 3897 4001 4019 4039 4068 4191 4323 4662 4797 4870 4919 
81 141 196 513 688 689 714 735 748 849 973 1106 1138 1222 1346 1378 1423 1597 1739 1751 1752 2125 2544 2604 2613 2731 2892 3000 3008 3171 3246 3284 3341 3447 3515 3544 3786 3847 4018 4034 4329 4423 4427 4546 4671 4782 4937 4992 
139 179 234 244 263 532 650 664 789 963 1036 1088 1355 1614 1746 2008 2091 2231 2251 2274 2455 2482 2610 2785 2824 2898 3072 3144 3204 3292 3364 3384 3557 3579 3580 3687 3732 3750 3899 3932 3985 4026 4203 4419 4507 4616 4622 4667 
151 412 774 1043 1051 1311 1338 1397 1478 1508 1648 1704 1710 1790 1940 1943 1988 2034 2563 2807 2873 2969 3029 3049 3101 3174 3190 3368 3496 3680 3684 3811 3815 3849 3856 3951 3997 4083 4331 4379 4481 4533 4604 4606 4610 4785 4837 4846 
240 309 353 441 449 481 856 941 961 1239 1241 1256 1291 1491 1515 1702 1767 1870 1913 1966 2095 2116 2128 2227 2634 2726 2804 2981 3406 3540 3543 3606 3644 3663 3761 3795 3947 4075 4264 4289 4315 4391 4398 4471 4555 4570 4575 4605 
248 254 319 457 563 606 661 667 691 804 866 881 1092 1111 1186 1367 1372 1580 1581 1623 1694 1976 2109 2117 2225 2250 2354 2461 2481 2515 2729 2822 3366 3523 3585 3628 3643 3645 3775 3804 3925 4273 4381 4425 4565 4901 4965 4971 
24 233 289 310 452 567 585 698 933 1137 1195 1564 1766 1786 1801 1874 1899 1967 2023 2156 2211 2409 2821 2870 2876 2996 3038 3180 3276 3306 3408 3522 3615 3779 3879 3921 3937 3945 4063 4176 4281 4296 4459 4524 4574 4601 4651 
59 149 272 572 655 794 873 900 952 1131 1219 1390 1546 1588 1635 1741 2035 2074 2118 2180 2246 2281 2302 2435 2444 2661 2818 2837 2986 3077 3179 3207 3256 3280 3388 3429 3527 3737 3762 3928 3972 3991 4050 4098 4367 4421 4865 
82 484 610 660 678 825 1444 1465 1654 1680 1754 2072 2192 2325 2356 2357 2403 2417 2547 2551 2584 2603 2756 2767 2867 2978 2985 3143 3411 3476 3532 3614 3639 3735 3784 3832 4033 4215 4256 4266 4433 4683 4711 4759 4778 4921 4939 
137 167 277 288 473 498 662 800 981 1069 1121 1124 1148 1217 1399 1561 1671 1674 1785 1810 2079 2419 2437 2446 2593 2773 2787 2942 3108 3170 3203 3258 3298 3378 3566 3700 3721 3868 4029 4091 4158 4319 4366 4406 4589 4750 4912 
152 290 382 496 573 738 760 876 944 1080 1214 1425 1527 1565 1689 1823 1865 1968 2080 2081 2207 2412 2456 2457 2708 2724 2894 2947 3129 3181 3231 3437 3448 3517 3895 3903 3909 3934 4132 4150 4204 4269 4484 4512 4539 4687 
8 16 49 107 120 338 373 436 458 551 706 740 746 833 844 880 1089 1233 1452 1496 1619 1652 1705 1721 1762 1832 1863 2024 2029 2097 2222 2367 2436 2795 2884 2989 3453 3545 3912 3941 4014 4189 4401 4534 4958 
226 293 697 744 802 1061 1187 1199 1206 1344 1578 1596 1706 1722 1858 1876 1887 1970 2173 2208 2341 2399 2475 2510 2616 2626 2683 2920 2928 3138 3325 3714 3755 3883 3898 3914 3926 3930 4059 4403 4444 4723 4799 4805 4811 
60 136 158 220 673 745 769 916 988 1327 1336 1391 1535 1632 1924 2010 2152 2258 2529 2659 2673 2798 2820 3022 3069 3201 3307 3375 3383 3600 3715 3736 3738 3793 3948 4066 4166 4438 4455 4499 4664 4835 4868 4954 
174 178 346 351 475 546 773 1008 1107 1129 1136 1165 1190 1398 1424 1463 1464 1514 1518 1640 1683 1699 1824 1903 2218 2277 2312 2355 2527 2555 2784 2878 2903 2906 2933 3224 3491 3625 3646 4608 4904 4917 4972 4999 
12 204 213 552 631 682 878 905 1237 1387 1554 1572 1736 1808 1814 1877 1953 2127 2260 2453 2502 2570 2582 2623 2833 2842 3163 3362 3371 3508 3648 3749 3902 4006 4106 4134 4282 4509 4666 4701 4702 4798 4932 
67 122 150 380 413 512 624 656 666 731 932 1077 1109 1153 1453 1663 1784 1954 2159 2182 2368 2557 2608 2945 2975 2977 3111 3214 3286 3475 3480 3505 3828 3851 3857 3864 4089 4115 4275 4373 4464 4523 4803 
181 230 258 327 329 364 454 590 742 1026 1040 1053 1402 1661 1690 1769 1920 1935 2137 2293 2369 2396 2506 2721 2755 2764 2806 2951 2970 3139 3142 3183 3185 3226 3261 3386 3442 3539 3560 3799 4027 4731 4810 
239 341 420 644 704 867 1044 1364 1523 1529 1568 1620 1649 1701 1771 2058 2067 2087 2163 2206 2472 2627 3034 3076 3237 3259 3343 3344 3462 3572 3807 4139 4220 4350 4407 4472 4535 4564 4752 4766 4771 4801 4953 
6 34 47 164 387 438 670 702 811 1087 1140 1240 1250 1340 1458 1757 1783 1843 1979 2089 2146 2157 2504 2618 2624 2625 2734 2997 3026 3036 3117 3274 3434 3490 4137 4291 4396 4526 4644 4650 4732 4945 
33 278 408 445 518 855 1198 1322 1326 1442 1495 1573 1825 1833 2013 2234 2365 2385 2387 2388 2606 2639 2712 2739 2839 2851 2974 3215 3372 3416 3471 3773 4124 4162 4243 4255 4378 4383 4388 4611 4627 4790 
46 53 68 87 171 461 491 582 593 707 814 892 1099 1211 1236 1365 1457 1472 2155 2309 2568 2605 2757 2960 3024 3140 3536 3581 3764 3790 4016 4062 4082 4122 4165 4187 4217 4387 4479 4515 4537 4804 
50 626 853 889 983 994 1115 1246 1357 1373 1412 1512 1521 1600 1772 1847 2193 2254 2382 2397 2462 2520 2536 2775 2882 2936 3270 3324 3519 3530 3670 3703 3988 4007 4237 4246 4434 4473 4603 4676 4780 4826 
76 154 285 303 417 430 559 838 1060 1070 1073 1319 1347 1350 1462 1646 1668 1716 1765 2197 2243 2578 2776 2835 3424 3613 3642 3654 3820 3876 4010 4047 4133 4228 4301 4446 4451 4541 4642 4751 4823 4900 
96 134 235 318 577 623 1359 1396 1616 1729 1890 1898 1922 2041 2060 2103 2115 2420 2512 3028 3079 3130 3133 3160 3184 3288 3302 3617 3707 3830 3896 4021 4136 4206 4259 4449 4485 4613 4708 4813 4838 4848 
36 190 674 676 685 705 726 816 848 931 1210 1269 1301 1622 1789 1956 2039 2099 2114 2216 2233 2272 2411 2883 2917 2924 3494 3526 3672 3686 3913 3964 4022 4478 4563 4655 4657 4694 4714 4767 4818 
78 117 349 487 581 642 863 993 1110 1157 1212 1414 1483 1505 1672 1985 1998 2021 2044 2107 2149 2328 2550 2646 2664 2695 2912 2922 3091 3568 3609 3688 3819 4013 4070 4179 4216 4304 4347 4831 4961 
191 275 369 494 622 945 1094 1196 1267 1393 1494 1624 1686 1908 1987 2135 2172 2300 2338 2390 2642 2667 3073 3116 3141 3486 3514 3626 3662 3727 3884 3998 4043 4314 4719 4739 4744 4758 4812 4936 4973 
216 612 964 1085 1113 1145 1220 1489 1599 1715 1798 1840 1886 1947 2101 2105 2273 2518 2543 2671 2687 2800 3151 3264 3293 3403 3659 3723 3759 3910 3939 4076 4418 4552 4597 4653 4680 4692 4705 4795 4891 
26 31 176 279 378 521 749 808 874 947 1039 1268 1298 1888 1897 1918 1977 2016 2153 2289 2358 2366 2793 2905 3082 3093 3196 3682 3758 3796 3859 3976 3986 4183 4309 4448 4730 4743 4864 4914 
84 169 193 218 548 718 820 1517 1583 1703 1836 1869 2154 2165 2221 2226 2322 2343 2348 2576 2611 2633 2670 2788 2864 3006 3012 3216 3233 3253 3278 3373 3381 3518 3520 3550 3571 3690 4845 4880 
104 574 625 648 734 753 778 894 1042 1068 1174 1275 1410 1569 1587 1763 1950 2030 2111 2280 2541 2572 2658 2819 2855 3080 3081 3199 3232 3574 3694 3731 3854 3871 3989 4079 4190 4300 4618 4652 
111 344 414 426 504 561 872 885 890 1027 1313 1556 1557 1687 1732 2092 2098 2204 2489 2676 2702 2736 2743 2827 2963 3088 3210 3337 3355 3357 3369 3597 3608 3629 3666 3935 4377 4654 4703 4902 
148 314 427 500 828 1020 1169 1585 1740 1818 2040 2054 2333 2434 2522 2737 2880 3015 3095 3187 3209 3240 3443 3578 3664 3674 3728 3794 4037 4146 4487 4492 4518 4561 4593 4748 4763 4867 4881 4884 
456 479 643 886 893 999 1015 1170 1231 1247 1296 1323 1375 1482 1555 1582 1891 1929 2006 2053 2400 2564 2719 3035 3150 3165 3316 3446 3570 3719 3911 4177 4193 4430 4588 4630 4718 4724 4822 4893 
29 71 109 342 719 841 918 975 989 1021 1123 1329 1386 1474 1516 1615 1780 2018 2119 2371 2389 2467 2779 2895 3059 3102 3155 3305 3708 3891 3982 4141 4163 4248 4341 4431 4536 4698 4840 
66 177 368 588 818 842 969 1221 1224 1259 1342 1352 1426 1456 1480 1598 1612 2028 2817 2926 3016 3041 3192 3195 3396 3481 3547 3588 3882 4008 4084 4090 4351 4435 4442 4519 4538 4682 4833 
70 103 124 253 333 837 1058 1144 1263 1382 1601 1860 1864 2112 2326 2407 2497 2662 2679 2748 2778 2782 2791 3148 3265 3309 3322 3421 3451 3649 3725 3778 4324 4549 4632 4720 4877 4925 4982 
92 462 729 1130 1441 1642 1915 2014 2148 2253 2291 2344 2470 2696 2753 2772 2879 2899 2991 3030 3037 3094 3135 3158 3161 3178 3339 3412 3420 3436 3531 3569 3734 4295 4360 4715 4830 4866 4871 
132 202 247 359 377 463 965 992 1007 1449 1479 1604 1641 1882 2017 2276 2379 2669 2697 2915 2935 2938 3227 3332 3349 3422 3537 3668 3803 3817 3917 3938 4064 4147 4173 4468 4586 4947 4952 
396 536 550 926 1024 1076 1158 1161 1434 1971 2169 2179 2186 2190 2473 2581 2732 2832 2843 2973 3004 3132 3333 3428 3457 3489 3589 3720 3823 4092 4225 4252 4475 4525 4736 4755 4773 4774 4991 
13 52 506 599 835 1082 1294 1337 1358 1374 1481 1575 1817 1893 1906 1999 2244 2374 2376 2493 2554 3061 3175 3410 3592 3650 3709 3788 3966 4128 4293 4333 4359 4661 4678 4842 4878 4964 
18 287 332 531 540 781 822 1032 1059 1102 1166 1180 1299 1312 1603 1685 1707 1797 2094 2349 2786 2815 2858 3019 3083 3347 3458 3468 3877 3993 4254 4393 4489 4540 4626 4634 4635 4772 
30 125 260 383 389 813 923 1057 1177 1181 1351 1353 1431 1547 1629 1684 1726 1969 2200 2228 2359 2391 2463 3002 3027 3100 3114 3230 3262 3524 3616 4011 4159 4181 4371 4629 4895 4897 
85 189 501 527 902 912 936 974 977 1046 1047 1167 1282 1574 1691 2195 2316 2445 2486 2621 2930 2954 3009 3089 3177 3283 3297 3417 3473 3487 3990 4036 4245 4265 4267 4447 4883 4918 
114 209 214 311 371 538 583 584 693 763 768 860 1079 1141 1209 1586 1643 1675 1944 2045 2212 2351 2386 2635 2693 2913 2988 3382 3595 3765 3834 3974 4262 4517 4727 4729 4905 4970 
142 393 543 629 634 771 772 929 980 1006 1030 1265 1309 1394 1401 1417 1454 1719 1760 1802 1830 2347 2428 2703 2869 3311 3328 3435 3484 3573 3612 3816 3835 4077 4101 4120 4579 4624 
4 443 453 571 695 755 946 1072 1084 1104 1223 1245 1328 2147 2236 2643 2644 2701 2886 2925 3071 3275 3353 3397 3479 3825 3918 3927 3957 4046 4161 4205 4231 4674 4898 4926 4962 
113 431 553 646 649 788 792 1025 1081 1152 1162 1392 1540 1669 1885 1960 1996 2096 2170 2517 2562 2738 2853 2865 2937 2950 3051 3389 3554 3586 3887 4114 4279 4814 4873 4928 4987 
116 166 231 267 526 595 879 985 1108 1133 1257 1493 1507 1609 1650 2144 2223 2245 2442 2552 2558 2675 2768 2927 3154 3611 3676 4040 4111 4184 4188 4343 4426 4580 4728 4836 4950 
330 352 519 600 823 1083 1360 1411 1416 1528 1626 1859 1889 1992 2042 2120 2126 2549 2619 2632 2759 2943 3063 3167 3294 3577 3647 3924 4061 4287 4452 4465 4567 4584 4788 4841 4930 
5 129 183 282 723 759 864 984 991 1037 1519 1562 1952 2025 2084 2265 2275 2284 2405 3023 3033 3057 3060 3191 3212 3229 3677 3827 4054 4374 4463 4520 4625 4863 4990 4994 
19 123 343 440 586 594 724 955 1022 1098 1255 1339 1380 1700 1727 2020 2022 2106 2131 2198 2384 2501 2647 2765 2887 2995 3065 3149 3164 3279 3414 3652 3675 3929 4210 4285 
43 280 530 665 754 798 1028 1168 1384 1404 1761 1770 2238 2294 2402 2439 2476 2580 2587 2629 2652 3043 3048 3390 3610 3692 3878 3958 3973 4125 4198 4353 4458 4643 4746 4974 
115 219 224 228 250 328 365 596 637 869 1035 1429 1477 1559 1631 1713 1742 1777 1931 2241 2248 2259 2271 2298 2569 3159 3449 3504 3873 4004 4344 4437 4583 4614 4784 4938 
57 340 732 1016 1285 1400 1443 1638 1809 1827 2063 2240 2404 2590 2651 2774 2816 2889 2919 3202 3483 3495 3546 3552 3640 3774 3812 3975 3980 4505 4576 4607 4640 4825 4861 
118 165 374 671 851 1159 1229 1251 1368 1485 2000 2239 2296 2458 2546 2636 2645 2648 2789 3084 3206 3602 3748 4051 4170 4207 4325 4336 4457 4503 4598 4691 4722 4889 4981 
215 246 460 471 489 672 953 968 1125 1589 1724 1733 1912 1982 2121 2167 2287 2378 2381 2638 2689 3003 3105 3188 3295 3689 3907 3942 4200 4321 4414 4577 4596 4686 4942 
271 307 392 597 654 888 924 1052 1134 1552 1593 1634 1639 1917 1993 2033 2350 2523 2845 3310 3729 3739 3977 4030 4053 4129 4202 4328 4362 4582 4656 4710 4847 4935 4996 
3 172 281 283 326 578 635 651 777 799 899 1383 1796 1845 1946 2011 2075 2242 2352 2422 2560 2649 2655 2953 3217 3251 3699 4175 4389 4402 4461 4647 4910 4922 
54 186 187 298 465 480 485 566 569 854 950 1216 1560 1878 2102 2132 2150 2178 2492 2607 2861 2896 3070 3312 3394 3430 3535 3567 3792 3923 3940 4042 4330 4716 
72 315 435 615 812 884 906 1316 1422 1484 1541 1734 1812 1866 2477 2612 2808 2850 2856 3053 3066 3221 3301 3445 3500 3501 3890 3953 4038 4196 4394 4490 4545 4853 
91 448 628 930 1127 1189 1200 1487 1610 1664 1720 1974 2598 2614 2746 2812 2904 2909 3068 3122 3241 3303 3370 3466 3594 3893 3969 4342 4428 4544 4689 4793 4934 4960 
110 206 472 824 1003 1503 1759 1848 1904 1928 2145 2377 2451 2503 2688 2752 3128 3534 3591 3772 4135 4258 4280 4283 4405 4516 4591 4713 4802 4839 4915 4923 4924 4969 
58 105 145 261 264 499 522 541 640 1012 1031 1160 1179 1407 1473 1513 1630 1815 2410 2424 2799 2939 3318 3845 3994 4107 4212 4335 4638 4649 4712 4887 4986 
198 200 407 520 587 614 962 1264 1274 1975 2252 2266 2498 2539 2770 2771 2792 2949 2965 3025 3272 3365 3844 4067 4110 4160 4234 4500 4554 4560 4675 4737 4890 
391 395 424 523 641 647 791 891 1090 1091 1197 1290 1293 1408 1415 1688 2189 2210 2330 2450 2468 2494 3327 3529 3718 3785 3995 4023 4112 4119 4361 4941 4993 
21 229 345 385 446 607 736 834 972 1067 1118 1227 1314 1341 1520 1748 2110 2622 2665 2801 2948 3056 3413 3783 3836 3840 3842 3944 4412 4424 4581 4933 
212 547 847 852 1011 1049 1064 1173 1182 1435 1468 1633 1875 1883 2286 2813 2931 2984 3001 3115 3168 3198 3374 3713 3717 3798 3946 4073 4178 4340 4572 4781 
386 604 668 711 720 979 1001 1075 1193 1991 2315 2364 2454 2525 2528 2559 2595 2762 2881 2907 2934 3260 3395 3563 3582 3604 3776 4155 4386 4556 4557 
127 225 323 354 618 862 986 1248 1283 1345 1488 1618 1749 2256 2268 2285 2519 2540 2660 2802 3040 3074 3173 3257 3418 3587 4069 4416 4573 4792 
221 222 478 658 1014 1038 1621 1644 1804 1839 1846 1892 2413 2418 2425 2460 2508 2725 3050 3157 3660 3679 3753 3860 4072 4222 4313 4317 4491 4699 
69 162 362 403 783 1332 1662 1792 1919 2166 2414 3438 3470 3497 3564 3716 3724 4123 4230 4445 4551 4609 4749 4806 4834 4851 4875 4876 4989 
131 252 355 358 533 1078 1276 1362 1476 1821 1981 2184 2257 2313 2575 2830 2893 2976 3092 3300 3314 3696 3781 3996 4171 4496 4592 4681 4951 
7 450 464 696 699 782 1096 1287 1711 1909 2009 2538 2548 3020 3319 3463 3538 3559 3900 3954 4056 4413 4429 4494 4747 4800 4872 
126 331 468 515 516 630 680 700 871 1308 1325 1427 1548 1558 1941 2191 2209 2249 2848 3308 3379 3542 4224 4302 4469 4769 4858 
28 232 312 347 490 508 710 741 1004 1101 1369 1534 1645 1745 1861 1989 2003 2133 2295 2429 2513 2944 3064 4117 4197 4420 
155 694 722 907 908 1829 1925 2573 2601 2668 2844 2849 2875 2932 2971 3172 3289 3450 4058 4174 4270 4294 4354 4775 4888 4980 
98 106 133 241 357 613 766 978 1119 1192 1277 1324 1361 1628 1872 1896 1914 2214 3843 3874 4223 4677 4740 4920 
372 405 525 903 910 966 1147 1320 1370 1437 1782 1938 2088 2825 2847 2964 3086 3248 3338 3350 3752 4397 4527 4620 
23 1272 1697 1907 2416 2684 2710 2829 2831 2857 3186 3334 3705 3949 3970 4000 4247 4488 4548 4668 4786 4896 4909 
89 170 325 451 542 632 803 1056 1093 1103 1718 1852 2269 2641 3376 3502 3657 3722 3747 3922 4060 4148 4913 
61 727 901 1194 1230 1545 1695 1799 2062 2229 2373 2862 2940 3039 3123 3268 3593 4118 4358 4547 4628 4903 
163 168 761 1421 1591 1778 1926 2077 2078 2307 2340 2596 2711 2840 2854 2992 3392 3754 3950 4410 4599 4663 
439 560 564 609 942 1595 1835 2215 2230 2440 3078 3242 3503 3623 3800 3919 3956 4017 4411 4966 
38 56 159 182 591 636 793 1289 1813 1927 2073 2597 2836 2956 3014 3085 3638 4241 4646 
390 397 416 639 1045 1164 1432 1822 2175 2430 2918 3219 3329 3841 3850 4232 4855 
