56 97 198 200 209 218 225 240 287 396 427 455 465 472 484 546 727 740 766 821 822 914 957 961 968 971 1042 1050 1101 1177 1200 1204 1242 1288 1355 1357 1369 1406 1419 1487 1494 1505 1529 1559 1575 1614 1630 1635 1637 1682 1688 1728 1729 1735 1762 1789 1792 1820 1891 1908 1961 2012 2034 2086 2090 2144 2147 2162 2222 2244 2248 2358 2359 2364 2374 2389 2513 2606 2621 2643 2650 2680 2686 2707 2722 2748 2853 2909 2932 2941 3014 3018 3049 3162 3172 3204 3239 3272 3342 3399 3416 3446 3488 3491 3509 3523 3534 3539 3555 3613 3616 3638 3639 3642 3711 3741 3745 3761 3771 3815 3831 3884 3905 3911 3912 3924 3966 4048 4085 4105 4141 4177 4178 4184 4225 4233 4280 4282 4284 4308 4383 4427 4450 4500 4538 4552 4595 4602 4738 4749 4768 4813 4851 4861 4866 4884 4961 
37 124 178 214 237 260 403 409 417 440 460 512 526 601 609 610 652 681 741 789 831 903 994 1016 1038 1128 1147 1195 1229 1247 1303 1321 1350 1354 1363 1381 1476 1616 1634 1640 1654 1657 1658 1705 1765 1813 1819 1851 1880 1978 2011 2016 2052 2059 2070 2085 2143 2163 2221 2273 2278 2299 2315 2339 2349 2429 2493 2523 2571 2582 2588 2590 2601 2609 2658 2674 2734 2742 2805 2827 2929 2942 2947 3044 3077 3079 3227 3277 3338 3363 3421 3483 3557 3583 3666 3689 3772 3798 3824 3863 3907 3935 3947 3955 3965 3968 4019 4143 4240 4255 4290 4298 4327 4391 4392 4408 4503 4505 4508 4564 4606 4633 4660 4669 4729 4767 4786 4850 4860 4907 4947 
88 133 254 275 306 367 370 390 449 463 514 644 668 714 717 757 777 898 952 955 956 1027 1031 1140 1169 1194 1246 1273 1338 1364 1414 1436 1439 1450 1467 1536 1540 1619 1636 1644 1722 1921 1984 1990 2015 2021 2058 2146 2160 2167 2188 2274 2284 2381 2392 2457 2549 2568 2573 2657 2669 2682 2717 2785 2799 2890 2954 2962 2975 3034 3139 3178 3186 3235 3271 3303 3334 3346 3408 3561 3605 3609 3681 3841 3843 3855 3856 3902 3971 3977 3987 4021 4023 4061 4094 4169 4185 4196 4221 4306 4397 4400 4479 4531 4545 4562 4601 4617 4629 4631 4653 4734 4757 4853 4922 4932 
32 49 108 208 219 314 324 331 346 401 426 533 563 705 708 724 765 817 836 849 951 975 1019 1034 1080 1107 1120 1153 1272 1278 1382 1407 1423 1501 1597 1689 1790 1827 1833 1850 1896 1903 1910 1960 2002 2007 2048 2089 2113 2207 2271 2277 2452 2479 2488 2516 2518 2525 2611 2645 2685 2726 2745 2848 2936 2953 3017 3048 3082 3154 3164 3292 3298 3350 3374 3427 3501 3506 3546 3587 3601 3706 3715 3736 3773 3800 3808 3832 3854 3879 3953 4080 4153 4212 4226 4231 4257 4262 4267 4339 4349 4405 4457 4536 4537 4570 4643 4708 4777 4824 4857 4902 4927 4936 
17 48 52 109 123 129 174 187 250 256 273 317 319 330 374 435 442 458 489 560 568 574 582 590 603 669 701 767 813 852 990 1254 1267 1290 1307 1344 1392 1443 1453 1583 1593 1599 1604 1665 1674 1924 2019 2092 2094 2103 2181 2209 2304 2318 2353 2468 2473 2478 2514 2539 2542 2572 2787 2856 2911 2919 2952 3070 3098 3122 3187 3206 3225 3261 3314 3452 3622 3865 3873 3881 3936 3949 4008 4063 4090 4135 4205 4228 4245 4258 4268 4346 4376 4396 4432 4441 4449 4453 4474 4485 4497 4511 4515 4517 4626 4644 4648 4650 4834 4912 
41 158 181 188 206 221 276 353 359 373 538 547 556 588 605 630 632 828 931 1030 1111 1144 1187 1190 1191 1209 1271 1297 1325 1375 1435 1459 1500 1512 1571 1596 1701 1745 1830 1847 1849 1954 1962 1963 2022 2076 2105 2115 2116 2127 2152 2224 2293 2330 2357 2362 2647 2653 2676 2699 2725 2736 2744 2775 2843 2858 2870 2900 2914 2979 3005 3012 3103 3168 3201 3268 3285 3410 3435 3448 3460 3482 3498 3592 3645 3735 3766 3767 3791 3862 3951 4057 4071 4170 4172 4179 4281 4313 4418 4553 4585 4599 4647 4736 4802 4940 4942 
11 59 74 145 159 168 204 223 339 345 357 428 495 509 529 537 545 653 656 921 993 1023 1033 1062 1076 1132 1173 1227 1262 1266 1299 1396 1442 1454 1483 1506 1570 1605 1641 1750 1821 1834 1988 2001 2057 2088 2132 2182 2189 2223 2286 2373 2405 2461 2604 2655 2675 2719 2759 2764 2837 2846 2878 2895 2989 2993 3016 3059 3073 3085 3207 3210 3231 3321 3322 3340 3377 3378 3400 3420 3444 3620 3621 3640 3701 3932 3983 3999 4011 4038 4041 4088 4273 4285 4311 4342 4353 4371 4539 4616 4676 4740 4746 4831 4971 4993 
191 216 233 334 349 350 354 356 377 387 389 430 434 519 645 734 824 829 872 893 930 1041 1088 1142 1270 1286 1319 1370 1401 1547 1551 1638 1714 1797 1844 1846 2049 2063 2134 2202 2217 2256 2294 2301 2346 2350 2396 2419 2422 2424 2524 2564 2610 2649 2656 2659 2679 2729 2758 2877 2924 3008 3055 3078 3088 3095 3116 3221 3233 3262 3297 3326 3407 3429 3431 3454 3465 3522 3551 3576 3597 3740 3777 3812 3828 3876 3975 4058 4174 4198 4399 4419 4420 4421 4437 4440 4452 4516 4666 4714 4739 4796 4809 4820 4989 4997 
34 38 57 62 85 107 231 315 341 379 408 466 513 532 594 622 657 658 738 778 802 819 859 878 904 970 1029 1058 1060 1122 1150 1178 1218 1232 1314 1358 1418 1421 1437 1438 1546 1548 1577 1622 1695 1795 1913 1932 1969 1972 1977 2119 2197 2204 2292 2333 2410 2443 2540 2581 2752 2836 2861 2898 2931 3009 3108 3114 3123 3159 3214 3215 3255 3284 3353 3455 3461 3489 3541 3664 3723 4000 4091 4103 4115 4152 4161 4176 4214 4439 4462 4492 4574 4597 4618 4744 4752 4817 4872 4916 4918 4958 
55 63 71 112 134 182 300 327 500 557 583 643 695 805 820 846 892 906 925 967 982 1028 1045 1049 1078 1174 1219 1292 1461 1554 1591 1615 1666 1779 1791 1853 1945 2118 2138 2158 2214 2365 2386 2437 2450 2459 2586 2616 2702 2844 2920 2922 2957 2961 2974 3042 3068 3081 3205 3245 3291 3305 3349 3354 3502 3652 3782 3827 3840 3849 3886 3887 3896 3998 4047 4076 4182 4192 4195 4204 4274 4317 4326 4332 4358 4377 4380 4483 4490 4514 4529 4532 4588 4624 4634 4742 4795 4925 4944 4977 4986 
15 81 157 245 280 283 329 366 498 517 584 684 700 711 894 918 945 965 983 991 1025 1180 1239 1255 1257 1274 1327 1445 1469 1484 1502 1550 1564 1737 1739 1747 1893 1923 1929 1983 1999 2056 2193 2203 2210 2243 2309 2316 2360 2395 2412 2421 2435 2483 2594 2605 2623 2733 2757 2788 2831 2879 2965 2969 2980 3023 3106 3183 3220 3258 3282 3339 3375 3401 3599 3626 3643 3650 3696 3749 3775 3793 3857 4036 4157 4163 4171 4288 4456 4571 4637 4640 4751 4780 4783 4845 4885 4917 4919 4983 
16 21 96 117 160 213 227 284 431 511 528 634 635 703 718 737 754 811 814 858 871 933 973 985 1070 1129 1158 1216 1567 1584 1602 1633 1712 1784 1824 1860 1909 1926 1940 1992 1996 2033 2043 2130 2145 2149 2216 2312 2400 2426 2441 2566 2663 2667 2678 2768 2834 2967 3032 3113 3170 3242 3380 3396 3430 3511 3531 3549 3554 3646 3732 3833 3898 3917 4042 4052 4089 4121 4142 4243 4350 4359 4412 4461 4496 4509 4510 4527 4535 4639 4709 4716 4727 4782 4823 4966 
2 5 29 35 60 171 244 247 328 482 575 624 655 666 702 865 926 928 976 1065 1077 1161 1167 1192 1196 1210 1236 1343 1368 1415 1424 1468 1491 1542 1557 1660 1760 1845 1942 2078 2257 2288 2334 2404 2526 2546 2597 2620 2673 2731 2806 2864 2971 3217 3219 3260 3278 3318 3336 3352 3476 3661 3668 3687 3719 3744 3746 3751 3807 3817 3891 3923 3927 3929 3950 4107 4119 4133 4202 4352 4366 4581 4587 4632 4694 4710 4724 4792 4871 4905 4921 4998 
46 111 126 309 347 355 541 571 649 756 769 870 953 1079 1095 1149 1156 1179 1337 1405 1519 1585 1603 1650 1698 1720 1772 1775 1817 1859 1866 2008 2064 2082 2099 2111 2129 2220 2234 2300 2388 2512 2720 2791 2801 2830 2832 2916 2935 3033 3040 3056 3086 3140 3176 3191 3224 3302 3306 3361 3383 3445 3504 3538 3674 3688 3868 3889 3892 3976 4034 4064 4068 4116 4139 4144 4158 4206 4425 4426 4493 4594 4615 4625 4728 4791 4827 4896 4954 4985 
20 87 119 278 289 443 462 504 515 525 686 704 745 787 840 851 860 882 883 940 1056 1071 1082 1230 1237 1285 1345 1387 1398 1471 1495 1528 1555 1580 1601 1707 1743 1991 2004 2128 2139 2196 2218 2239 2291 2326 2502 2510 2670 2781 2876 2889 2904 2918 3002 3119 3137 3232 3543 3567 3580 3586 3590 3608 3654 3802 3866 3967 3993 4003 4014 4077 4199 4232 4252 4293 4444 4480 4547 4583 4848 4863 4909 4953 4994 
69 113 322 337 352 361 618 692 759 954 1047 1064 1114 1118 1123 1139 1320 1371 1403 1449 1687 1764 1811 1814 2005 2010 2027 2093 2270 2279 2323 2370 2552 2559 2598 2821 2867 2884 2894 2901 3013 3038 3136 3156 3211 3270 3304 3313 3333 3357 3372 3406 3500 3563 3615 3662 3665 3684 3710 3769 3872 4069 4111 4149 4203 4210 4272 4275 4291 4300 4344 4345 4387 4534 4645 4720 4761 4832 4862 4870 4875 4888 4935 4946 4973 
79 90 103 189 222 236 363 371 394 523 629 670 758 807 812 839 861 929 984 1059 1094 1102 1240 1259 1279 1281 1416 1429 1513 1607 1608 1609 1685 1697 1757 1837 1873 1907 1953 1982 1993 2038 2075 2142 2245 2335 2344 2380 2384 2575 2576 2587 2628 2634 2654 2987 3035 3067 3125 3145 3147 3148 3250 3293 3394 3477 3533 3708 3774 3928 3956 4193 4241 4286 4363 4435 4446 4504 4590 4610 4682 4696 4704 4811 4979 
19 53 58 166 360 393 441 486 602 685 779 815 916 923 981 1057 1159 1189 1283 1352 1440 1478 1509 1524 1587 1612 1621 1724 1736 1777 1858 1904 1918 2017 2185 2194 2263 2285 2297 2332 2368 2417 2476 2501 2579 2693 2710 2715 2740 2792 2807 2833 2874 2958 2970 2995 3064 3160 3222 3223 3290 3393 3409 3589 3602 3724 3731 4009 4055 4297 4334 4417 4478 4526 4582 4641 4715 4790 4816 4844 4846 4879 4937 4999 
192 253 277 304 321 384 400 421 453 487 598 744 775 803 826 873 943 1116 1119 1136 1181 1185 1427 1433 1456 1485 1493 1549 1560 1647 1706 1793 1856 1862 1928 1966 1973 2080 2140 2166 2183 2213 2226 2229 2369 2484 2541 2547 2683 2793 2873 2977 3028 3092 3110 3166 3190 3249 3337 3369 3391 3453 3526 3564 3574 3683 3685 3717 3721 3814 3818 3901 3959 3962 4132 4219 4335 4410 4605 4662 4671 4719 4842 
31 61 80 86 138 142 156 164 190 252 464 479 593 597 613 646 672 764 780 806 838 896 911 1083 1110 1112 1115 1130 1164 1225 1293 1310 1330 1480 1532 1606 1632 1785 1899 1902 2124 2205 2246 2265 2329 2337 2377 2385 2565 2591 2607 2816 2829 2923 3238 3309 3311 3398 3447 3457 3610 3679 3727 3880 3930 3963 4033 4053 4312 4319 4323 4390 4525 4679 4721 4779 4787 4801 4807 4874 4996 
36 106 402 405 414 534 659 660 732 739 850 895 974 1012 1014 1203 1366 1408 1510 1517 1574 1617 1892 1931 1976 2035 2077 2109 2168 2187 2307 2343 2415 2471 2560 2652 2664 2691 2697 2777 2795 2814 2820 2905 2946 3194 3251 3269 3324 3404 3443 3451 3479 3485 3810 3845 3921 4054 4059 4099 4220 4222 4239 4260 4303 4429 4466 4487 4559 4568 4593 4607 4613 4614 4651 4856 4878 4920 4960 4970 4991 
30 139 162 246 308 372 531 792 809 995 999 1011 1051 1066 1089 1138 1205 1231 1256 1328 1409 1466 1563 1618 1661 1684 1696 1796 1839 1946 1994 2018 2062 2095 2106 2320 2363 2391 2425 2434 2543 2713 2784 2869 2871 2960 2966 3003 3030 3198 3320 3345 3384 3388 3475 3542 3556 3655 3694 3722 3756 3986 4022 4060 4081 4150 4180 4247 4269 4430 4530 4533 4684 4797 4825 4835 4899 4901 4923 4987 
199 263 333 398 448 542 553 654 699 834 862 932 944 1017 1036 1055 1090 1160 1207 1214 1276 1499 1582 1672 1678 1683 1807 1828 1997 2060 2067 2079 2096 2104 2117 2120 2238 2242 2261 2269 2430 2439 2460 2522 2533 2703 2716 2743 2747 2753 2944 2981 2999 3000 3004 3080 3213 3456 3474 3607 3623 3776 3844 3852 3861 3997 4015 4017 4040 4315 4355 4542 4557 4611 4623 4658 4670 4789 4894 
94 125 165 301 368 385 439 499 522 543 621 640 642 679 731 770 784 793 998 1037 1061 1075 1086 1280 1342 1426 1455 1690 1754 1914 2006 2028 2036 2236 2397 2444 2535 2712 2824 2910 3090 3099 3202 3229 3299 3325 3424 3515 3566 3591 3636 3695 3768 3821 3826 3838 3910 3937 3938 3940 3952 3972 4072 4108 4128 4213 4316 4325 4329 4351 4409 4627 4730 4772 4821 4858 4869 
73 120 251 255 286 381 397 412 492 496 506 520 562 636 688 736 788 825 869 938 979 987 1134 1145 1238 1268 1349 1410 1649 1659 1680 1719 1776 2165 2336 2341 2403 2409 2447 2455 2482 2528 2550 2551 2592 2599 2640 2690 2809 2847 2908 2938 3010 3246 3335 3364 3440 3466 3493 3578 3682 3707 3730 3813 3842 3883 4122 4224 4292 4469 4520 4523 4741 4748 4840 4995 
3 122 140 144 415 457 565 633 687 735 790 833 891 905 964 1054 1117 1249 1260 1569 1700 1742 1752 1756 1865 1979 2251 2272 2283 2527 2585 2617 2660 2662 2789 2808 2859 2951 2972 3051 3060 3174 3181 3203 3257 3283 3365 3382 3417 3433 3537 3553 3588 3796 3803 3809 3848 3908 3914 4029 4084 4166 4211 4309 4340 4354 4443 4551 4598 4693 4732 4826 4836 4928 4969 
51 127 151 155 323 369 446 477 505 544 551 570 599 607 690 783 837 853 864 922 948 1199 1331 1348 1444 1448 1452 1460 1523 1613 1799 1920 1971 2383 2406 2485 2545 2554 2562 2574 2701 2718 2737 2823 2863 3061 3105 3332 3366 3463 3464 3495 3575 3659 3692 3734 3757 3859 3958 3961 3981 3984 3985 4092 4448 4468 4499 4549 4622 4628 4668 4776 4778 4910 4930 
12 131 175 325 471 650 729 743 762 845 863 876 919 935 969 978 996 1002 1010 1096 1126 1223 1241 1503 1518 1592 1598 1733 1746 1854 1879 1933 2037 2040 2135 2235 2624 2635 2854 2913 2937 3036 3107 3115 3157 3266 3344 3471 3595 3658 3667 3729 3765 3786 3860 3916 3920 3973 4031 4039 4049 4083 4120 4130 4173 4294 4322 4467 4548 4680 4849 4914 4933 
72 92 176 257 271 296 311 320 335 416 425 470 539 554 651 794 795 868 886 890 937 980 1105 1253 1291 1356 1384 1507 1643 1645 1646 1709 1927 1956 1957 2044 2237 2352 2382 2413 2470 2507 2536 2770 2797 2872 3024 3075 3152 3153 3171 3296 3376 3386 3481 3499 3535 3631 3647 3851 3964 4235 4254 4299 4362 4569 4672 4753 4754 4770 4889 4897 4967 
4 6 43 272 288 344 365 456 581 661 715 797 827 855 1021 1035 1040 1108 1165 1166 1374 1390 1515 1631 1671 1711 1783 1894 1968 2258 2275 2511 2627 2636 2735 2850 2866 2875 2948 3150 3169 3288 3359 3415 3441 3514 3524 3565 3770 3780 3877 3941 4065 4087 4145 4167 4168 4424 4459 4560 4565 4575 4664 4667 4686 4781 4812 4830 4911 4913 4949 4975 
91 98 130 196 282 297 343 507 524 535 548 591 600 682 760 800 804 835 1044 1046 1188 1250 1264 1318 1395 1463 1490 1504 1668 1832 1841 1934 1943 2023 2045 2184 2305 2313 2317 2319 2321 2433 2481 2517 2534 2696 2732 2783 2803 3045 3100 3209 3212 3315 3316 3356 3529 3738 3988 3992 3995 4004 4216 4336 4486 4513 4572 4674 4675 4756 4806 4906 
202 239 243 248 266 383 436 611 848 939 966 1317 1326 1372 1377 1378 1388 1481 1525 1526 1581 1670 1676 1759 1794 1863 1922 2047 2066 2102 2148 2154 2311 2387 2453 2692 2727 2810 2998 3109 3146 3173 3184 3241 3437 3450 3560 3633 3660 3700 3703 3739 3823 3882 3890 3926 3990 4037 4109 4125 4147 4183 4283 4330 4348 4388 4482 4608 4657 4747 4964 4982 
143 184 336 338 424 474 503 536 567 573 585 648 713 716 721 771 1099 1170 1182 1530 1558 1694 1774 1870 1890 1919 1986 2051 2061 2123 2180 2192 2212 2241 2268 2508 2537 2677 2687 2688 2815 2899 2912 2921 2926 2950 3287 3300 3327 3348 3442 3468 3550 3748 3804 3819 3897 3943 3979 4102 4229 4270 4373 4451 4567 4609 4691 4731 4822 4881 4992 
24 110 351 378 392 502 683 696 897 960 1162 1163 1168 1172 1417 1434 1533 1543 1595 1744 1758 1868 1930 2009 2054 2068 2069 2114 2122 2201 2254 2282 2520 2530 2553 2612 2695 2738 2887 3021 3084 3121 3165 3312 3405 3432 3439 3604 3644 3686 3704 3714 3790 3805 3811 4079 4189 4200 4360 4395 4403 4540 4556 4687 4723 4865 4941 4976 4981 
95 170 399 606 627 664 677 726 913 963 1048 1084 1151 1289 1308 1333 1380 1431 1432 1521 1522 1590 1702 1725 1778 1787 1802 1906 1958 1959 2164 2289 2310 2416 2464 2475 2694 2698 2754 2822 2896 2959 2982 3052 3063 3218 3329 3467 3486 3571 3624 3670 3702 3713 3874 3919 3982 4030 4124 4242 4343 4378 4384 4477 4506 4603 4630 4646 4665 
18 66 99 118 146 152 169 183 232 305 358 530 577 608 614 988 1109 1347 1464 1465 1537 1810 1825 1900 1987 1995 2186 2215 2219 2233 2260 2375 2423 2448 2730 2956 2988 2997 3120 3180 3403 3459 3581 3677 3693 3705 3725 3760 3789 3858 3922 4012 4026 4181 4246 4289 4398 4442 4491 4619 4649 4661 4808 4843 4847 4867 4882 4892 
33 47 135 186 267 407 483 665 808 874 888 1020 1081 1093 1206 1287 1430 1534 1639 1838 1840 1852 1950 1967 2042 2589 2613 2625 2665 2700 2706 2891 2907 2915 2976 2984 3027 3089 3124 3151 3237 3254 3379 3412 3419 3532 3709 3718 3750 3758 3779 3830 3939 4032 4123 4154 4159 4263 4271 4276 4331 4519 4554 4555 4586 4636 4766 4814 
1 44 77 264 564 572 589 693 867 962 1043 1127 1213 1311 1341 1373 1385 1497 1573 1704 1808 1872 1883 1944 2091 2169 2177 2276 2393 2509 2603 2639 2794 2880 2892 2927 3006 3118 3158 3193 3247 3280 3368 3497 3528 3559 3648 3752 3837 4010 4186 4201 4277 4375 4386 4438 4596 4635 4638 4737 4758 4864 4908 4915 
54 128 132 149 312 473 616 667 725 746 749 1005 1104 1193 1198 1265 1386 1425 1474 1498 1538 1626 1663 1673 1804 1887 1975 1985 2032 2108 2227 2399 2567 2671 2786 2811 2812 3074 3091 3141 3274 3310 3319 3343 3367 3385 3508 3641 3697 3762 3799 3878 4075 4086 4320 4324 4584 4677 4726 4804 4828 4833 4873 4955 
10 40 136 153 226 262 310 410 413 419 447 558 631 675 774 776 791 796 799 844 1015 1125 1143 1441 1446 1462 1565 1805 1822 1898 1915 1941 2097 2247 2314 2325 2420 2467 2497 2532 2750 2802 2990 3050 3058 3133 3436 3512 3614 3625 3712 3720 3759 3763 3946 4050 4110 4208 4488 4775 4839 4841 4968 
45 93 102 114 173 203 326 423 540 612 617 647 710 723 730 810 843 912 949 1087 1154 1329 1346 1359 1428 1447 1611 1708 1782 1861 1878 2232 2477 2480 2491 2504 2619 2631 2646 2855 2857 2978 3043 3167 3188 3267 3281 3286 3505 3628 3792 3853 3869 3915 4018 4025 4027 4078 4164 4209 4431 4663 4951 
105 121 229 362 561 619 887 908 1131 1221 1332 1351 1400 1479 1620 1781 1835 1885 2041 2151 2161 2173 2175 2199 2302 2340 2411 2427 2466 2648 2709 2728 2762 2790 2826 2902 2925 3015 3057 3065 3072 3111 3275 3308 3525 3548 3582 3635 3726 4035 4096 4117 4194 4207 4379 4382 4476 4558 4705 4717 4950 4952 4956 
23 75 211 438 454 510 641 712 763 877 901 936 959 1024 1100 1186 1211 1235 1458 1867 1882 2000 2030 2125 2126 2141 2280 2379 2402 2496 2500 2557 2618 2632 2704 2763 2882 2897 3128 3134 3301 3392 3458 3545 3593 3675 3680 3788 3820 3822 3913 4045 4191 4237 4301 4423 4428 4604 4689 4692 4718 4959 
26 68 382 420 579 709 748 924 1074 1155 1226 1300 1336 1486 1514 1545 1562 1715 1727 1964 2025 2073 2153 2156 2262 2428 2472 2474 2556 2558 2570 2638 2689 2724 2769 2800 2994 3101 3112 3240 3676 3743 3870 4028 4056 4070 4127 4138 4140 4146 4367 4394 4422 4463 4489 4544 4546 4566 4800 4903 4948 4974 
67 84 101 161 207 549 555 578 639 707 847 884 1032 1069 1301 1316 1413 1544 1589 1679 1716 1723 2253 2306 2328 2338 2356 2555 2561 2563 2602 2721 2751 2819 2888 3019 3130 3163 3243 3256 3295 3389 3570 3663 3895 4005 4104 4134 4148 4234 4279 4389 4521 4543 4642 4788 4883 4924 4931 
193 194 215 986 1006 1085 1183 1201 1243 1284 1365 1477 1535 1561 1625 1662 1738 1751 1755 1829 1875 1881 1884 1901 1925 2071 2200 2230 2345 2401 2458 2463 2629 2666 2778 2798 2883 2903 3031 3041 3083 3195 3423 3619 3669 3948 4044 4106 4321 4372 4458 4524 4550 4600 4773 4794 4798 4810 4887 
82 154 224 249 559 625 628 856 1113 1175 1361 1588 1628 1653 1748 1761 1767 1815 2266 2351 2414 2489 2490 2515 2741 2765 2774 2835 2968 3026 3126 3138 3289 3362 3478 3521 3584 3678 3742 3747 3816 3864 3871 3893 3904 4001 4129 4296 4338 4690 4700 4702 4771 4785 4819 4837 4895 4934 
22 210 615 620 750 841 942 950 1294 1473 1488 1572 1692 1731 1740 1770 1831 1947 1948 1951 2020 2171 2176 2267 2462 2519 2531 2614 2705 2755 2886 2893 2996 3001 3093 3149 3462 3530 3598 3617 3737 3754 3787 3875 3888 4016 4095 4155 4187 4314 4656 4760 4763 4769 4859 4926 4990 
89 147 177 259 265 302 391 638 728 753 1004 1063 1106 1124 1133 1215 1252 1269 1391 1508 1675 1718 1905 1965 1974 2003 2024 2190 2206 2295 2408 2432 2486 2772 2992 3094 3096 3192 3252 3470 3480 3490 3547 3579 4046 4361 4433 4501 4576 4577 4592 4654 4699 4713 4965 4988 
148 293 307 380 493 501 596 773 989 1067 1234 1334 1389 1539 1552 1809 1848 1864 1877 1998 2039 2366 2390 2407 2487 2506 2626 2842 3054 3097 3155 3263 3371 3540 3656 3733 3781 3806 3825 3903 3989 4051 4188 4215 4307 4393 4411 4447 4454 4455 4502 4591 4695 4712 4725 4876 
0 42 64 83 230 234 269 342 450 491 508 552 586 720 816 1217 1360 1411 1472 1578 1655 1726 2157 2170 2348 2449 2756 2860 2881 2986 3129 3259 3323 3387 3503 3520 3783 3785 3835 3885 3900 3906 3974 4024 4066 4249 4265 4385 4401 4434 4484 4612 4685 
100 163 228 258 461 566 875 902 907 927 977 997 1073 1103 1222 1251 1258 1261 1263 1322 1399 1541 1610 1624 1826 1889 1949 2083 2131 2198 2342 2371 2394 2885 2940 2963 3011 3022 3144 3328 3425 3755 4013 4190 4236 4244 4436 4498 4707 4722 4735 4891 
8 115 205 261 299 313 376 481 527 768 786 947 958 1039 1157 1282 1304 1323 1335 1651 1664 1703 1749 1855 2211 2225 2322 2354 2498 2708 3046 3244 3611 3651 3839 3931 3933 4020 4098 4101 4162 4253 4264 4305 4357 4365 4402 4528 4621 4750 4963 
13 395 452 494 854 900 1008 1013 1302 1379 1383 1412 1531 1556 1594 1699 1771 1823 1912 1916 2107 2327 2446 2580 2782 2796 2817 2825 2840 2934 2955 3007 3087 3331 3347 3428 3612 3634 3657 3764 3794 3834 3899 4067 4093 4415 4460 4512 4701 4745 4762 
7 28 179 180 201 217 294 298 490 604 698 761 934 946 1248 1296 1298 1305 1511 1691 1730 1816 1843 1936 1970 2050 2324 2780 2964 3029 3066 3069 3216 3248 3381 3414 3487 3507 3527 3672 3846 3942 3969 4256 4302 4369 4518 4755 4793 4900 
76 270 433 485 569 663 678 706 719 751 879 909 915 920 1068 1091 1176 1295 1306 1339 1989 2013 2081 2303 2465 2505 2521 2596 2681 2766 2771 2845 2991 3102 3117 3142 3395 3585 3603 3649 3698 4043 4175 4248 4563 4620 4698 4765 4939 4980 
195 238 241 291 432 459 469 576 674 752 755 772 885 1007 1097 1277 1667 1842 2065 2074 2084 2101 2249 2331 2438 2544 2633 2760 2804 2828 2865 2943 3577 3629 3829 3836 4082 4151 4218 4370 4413 4416 4495 4507 4673 4743 4774 4855 4962 4984 
50 220 281 285 388 437 478 480 697 1228 1340 1520 1576 1586 1627 1656 1710 1721 1753 1766 1773 1874 1888 1897 1917 1955 1980 2172 2231 2281 2290 2495 2672 2851 2985 3071 3197 3265 3691 4002 4156 4160 4217 4368 4381 4683 4815 4854 4957 
268 406 468 516 521 671 842 1000 1092 1098 1141 1202 1220 1362 1422 1629 1677 1876 2179 2208 2255 2398 2622 2767 3132 3143 3264 3469 3472 3484 3594 3847 3909 3957 4073 4097 4100 4113 4131 4278 4287 4494 4589 4652 4711 4799 4890 4943 
587 637 830 972 1208 1312 1394 1492 1642 1713 1786 2098 2121 2133 2159 2287 2372 2503 2529 2593 2862 2868 3230 3279 3373 3397 3418 3422 3510 3536 3627 3632 3671 3690 3753 3795 3801 3894 3934 3945 4137 4165 4259 4347 4465 4471 4655 4688 
78 411 595 676 818 889 1146 1315 1324 1553 1652 1717 1818 1895 1911 1939 1952 2100 2250 2361 2431 2451 2454 2469 2577 2578 2584 2595 2711 2841 2983 3104 3177 3189 3236 3253 3294 3351 3360 4062 4112 4114 4136 4251 4470 4759 4898 
137 476 626 722 733 747 1121 1244 1353 1397 1516 1527 1788 1806 2026 2053 2110 2240 2367 2440 2442 2615 2630 2637 2642 2746 2749 2776 2779 2839 3307 3341 3358 3653 3699 3797 3850 3994 4223 4473 4561 4580 4703 4733 4852 4929 4945 
172 292 364 662 899 910 917 1152 1233 1367 1489 1800 1836 1871 1938 2055 2072 2155 2264 2298 2347 2436 2492 2499 2538 2641 2668 2852 2973 3025 3228 3494 3517 3518 3618 3954 3970 3996 4006 4007 4230 4250 4406 4475 4678 4904 
70 197 242 340 375 444 445 451 497 781 823 1197 1457 1475 1579 1623 2174 2191 2228 2296 2600 2684 2761 2813 3020 3047 3076 3355 3370 3402 3413 3516 3606 3784 3944 3980 4118 4337 4404 4407 4697 4706 4805 
25 104 303 316 404 467 881 1001 1072 1135 1137 1148 1212 1224 1451 1801 1869 1981 2150 2308 2376 2418 2494 2644 2661 2773 2917 2939 3053 3135 3390 3568 3572 3600 4074 4197 4295 4481 4522 4803 4880 
39 279 332 386 488 550 623 689 694 742 1052 1053 1309 1393 1402 1648 1693 1768 1798 1857 2046 2137 2178 2569 2651 2949 3037 3234 3449 3558 3569 3596 4333 4445 4573 4579 4659 4972 
65 167 274 418 429 580 680 785 941 1022 1184 1470 1600 1803 1812 1935 2014 2087 2136 2378 2445 2608 2849 2945 3200 3426 3438 3473 3496 3519 3630 3991 4304 4328 4364 4464 4877 4886 
116 141 235 290 475 518 798 1245 1275 1376 1566 1681 1937 2355 2818 2838 2933 3062 3127 3196 3199 3276 3330 3637 3867 3960 4238 4341 4356 4374 4414 4578 4829 4893 4938 
14 212 295 348 801 857 866 1003 1009 1018 1686 1734 1769 1780 2029 2031 2112 2252 2259 2548 2739 2928 3175 3317 3552 3728 3918 3978 4266 4310 4472 4818 4868 4978 
9 150 185 318 422 673 691 782 832 880 1171 1313 1420 1732 1741 2456 2583 2714 3039 3131 3273 3434 3492 3513 3673 3778 4126 4227 4541 4681 4764 4784 
27 592 992 1026 1404 1482 1496 1568 1669 1763 1886 2195 2723 2906 2930 3161 3179 3182 3185 3208 3226 3411 3544 3562 3573 3716 3925 4261 4318 4838 
