28 42 64 83 160 179 182 247 298 346 408 426 443 505 605 650 653 664 750 794 798 839 856 859 871 872 919 950 981 1026 1034 1100 1130 1140 1225 1237 1238 1326 1353 1356 1402 1403 1550 1590 1604 1710 1744 1769 1770 1846 1850 1851 1874 1946 1976 1987 2088 2090 2111 2318 2333 2344 2376 2397 2492 2509 2524 2725 2870 2893 2902 2917 3005 3037 3039 3041 3157 3270 3281 3347 3362 3380 3438 3515 3611 3633 3641 3728 3763 3856 3903 3906 3907 3928 3950 3957 4038 4051 4055 4076 4143 4221 4289 4300 4315 4318 4359 4365 4397 4405 4469 4513 4525 4707 4737 4772 4791 4839 4848 
0 32 229 246 266 324 375 390 437 442 478 581 603 640 675 677 678 688 714 832 930 954 1014 1118 1213 1265 1281 1316 1318 1332 1369 1376 1387 1490 1650 1713 1725 1753 1818 1861 1870 1941 1975 2003 2020 2032 2051 2060 2108 2138 2162 2174 2187 2223 2234 2253 2538 2547 2560 2590 2601 2603 2617 2631 2665 2673 2730 2806 2901 2933 3015 3024 3028 3051 3096 3129 3154 3258 3448 3460 3484 3530 3551 3638 3668 3698 3742 3778 3781 3790 3878 3915 3960 3980 4009 4092 4124 4139 4147 4153 4404 4443 4505 4524 4555 4585 4594 4601 4645 4664 4667 4678 4795 4802 4850 
16 96 117 127 231 290 352 361 425 454 482 561 596 617 619 691 703 709 718 725 762 863 874 935 960 962 1017 1084 1235 1244 1319 1335 1357 1370 1397 1448 1486 1614 1722 1734 1855 1857 1887 1926 1985 2005 2015 2019 2137 2153 2158 2220 2240 2273 2381 2386 2413 2671 2675 2715 2742 2773 2873 2878 2883 2918 2930 2948 2954 2984 2991 2994 3022 3075 3201 3203 3248 3377 3402 3531 3533 3583 3634 3706 3714 3785 3807 3826 3894 3930 4026 4030 4032 4154 4160 4179 4211 4286 4293 4340 4349 4496 4521 4535 4549 4562 4602 4659 4690 4712 4726 4730 4794 4813 4907 
77 152 177 195 276 294 364 422 503 510 524 610 659 715 760 813 821 946 959 1015 1035 1047 1087 1096 1230 1247 1343 1395 1401 1442 1483 1495 1496 1578 1618 1646 1678 1733 1737 1802 1848 1882 1884 1911 1994 2091 2106 2196 2255 2270 2338 2343 2351 2435 2441 2448 2555 2581 2643 2816 2823 2824 2837 2944 3047 3059 3068 3103 3212 3290 3312 3313 3323 3338 3376 3394 3399 3420 3454 3543 3558 3599 3602 3645 3737 3796 3860 3910 3941 3942 3948 3963 4010 4012 4025 4136 4201 4235 4238 4266 4324 4369 4451 4476 4654 4751 4780 4831 4855 4859 4896 4905 4923 4974 
19 82 219 241 305 349 355 451 567 589 622 712 823 833 875 947 949 975 986 993 1024 1058 1098 1131 1159 1201 1211 1218 1253 1325 1458 1462 1520 1600 1624 1639 1799 1827 1833 2038 2133 2150 2151 2218 2238 2244 2252 2263 2268 2269 2281 2298 2373 2389 2406 2417 2513 2552 2692 2751 2844 2862 2863 2887 2977 2992 3001 3003 3019 3058 3131 3152 3219 3238 3267 3276 3292 3315 3341 3418 3443 3510 3518 3581 3620 3637 3786 3817 3844 3924 4041 4148 4151 4166 4288 4326 4351 4412 4419 4428 4532 4533 4627 4713 4774 4783 4803 4816 4834 4868 4931 4934 4939 
101 109 146 263 288 293 299 317 319 399 405 515 576 607 639 652 662 666 778 803 880 896 897 927 990 1022 1044 1052 1056 1082 1128 1166 1182 1234 1241 1256 1276 1287 1306 1328 1390 1406 1412 1454 1565 1579 1673 1724 1750 1796 1922 1942 1972 2040 2069 2171 2209 2231 2284 2286 2359 2429 2431 2434 2602 2624 2682 2700 2728 2744 2750 2814 2815 2848 2857 2914 2946 2956 2960 2962 2969 3122 3135 3192 3198 3234 3284 3328 3330 3335 3370 3401 3585 3696 3703 3715 3732 3792 3900 3978 4023 4108 4240 4510 4528 4604 4630 4740 4779 4847 4908 4976 
12 91 148 156 196 209 279 331 455 456 472 481 568 572 573 582 585 644 676 697 834 877 909 955 1050 1108 1158 1184 1212 1341 1386 1455 1474 1521 1537 1566 1586 1597 1644 1726 1749 1751 1803 1871 1876 1895 1993 2093 2104 2169 2201 2275 2372 2543 2572 2580 2697 2812 2830 2950 2951 2982 3052 3054 3115 3143 3163 3184 3247 3334 3364 3396 3461 3564 3579 3584 3661 3675 3680 3689 3716 3744 3828 3932 3988 4007 4077 4086 4115 4145 4174 4310 4320 4403 4450 4540 4567 4599 4605 4613 4637 4689 4799 4817 4826 4861 4875 4893 4927 4988 
81 175 189 202 213 240 251 325 353 380 385 487 513 604 631 766 854 864 974 983 992 1020 1081 1083 1091 1095 1149 1214 1236 1261 1272 1429 1456 1471 1482 1487 1488 1500 1514 1558 1771 1858 1872 1907 1910 1934 1938 1973 1978 1990 1996 2052 2098 2170 2173 2229 2241 2491 2499 2507 2518 2612 2620 2693 2919 2935 3099 3161 3221 3384 3411 3415 3450 3539 3545 3586 3658 3684 3695 3724 3767 3914 3953 3964 3989 4028 4080 4084 4146 4175 4243 4248 4277 4311 4312 4319 4323 4427 4458 4463 4503 4553 4556 4614 4626 4691 4738 4788 4991 
5 35 133 134 171 309 397 526 623 695 770 783 802 838 888 900 903 921 936 1010 1063 1102 1179 1252 1286 1290 1302 1304 1363 1444 1476 1504 1592 1642 1688 1707 1814 1880 1951 1961 2087 2132 2134 2149 2182 2186 2199 2213 2317 2355 2402 2502 2650 2699 2768 2832 2834 2847 2850 2895 2973 2981 3032 3044 3079 3126 3216 3226 3274 3318 3371 3410 3429 3433 3444 3478 3656 3681 3690 3707 3755 3802 3810 3879 3889 4001 4037 4063 4064 4135 4141 4191 4200 4237 4294 4373 4386 4388 4410 4625 4660 4775 4797 4812 4863 4884 4895 
2 29 56 79 85 153 245 258 291 334 338 424 473 494 541 580 614 656 693 842 924 1016 1049 1055 1069 1070 1246 1289 1377 1378 1410 1418 1428 1451 1491 1494 1628 1783 1806 1831 1866 1897 1923 1944 2014 2079 2176 2195 2219 2222 2265 2336 2378 2382 2383 2446 2561 2566 2634 2674 2741 2763 2770 2780 2799 2915 3083 3091 3169 3205 3251 3492 3572 3580 3592 3692 3697 3795 3805 3834 3841 3891 3933 3968 3974 4015 4029 4047 4089 4225 4232 4377 4393 4413 4434 4488 4523 4583 4631 4652 4704 4731 4801 
1 9 44 131 174 211 223 278 308 376 402 522 595 642 705 740 837 1203 1254 1292 1333 1457 1517 1539 1546 1826 1902 1929 1988 2017 2094 2130 2166 2237 2305 2308 2325 2426 2440 2481 2516 2536 2583 2647 2676 2708 2784 2789 2803 2869 2976 2995 3004 3017 3031 3074 3082 3086 3116 3142 3150 3224 3231 3246 3262 3271 3329 3333 3379 3388 3463 3497 3503 3646 3789 3793 3846 3857 3862 3893 3895 3917 3918 3986 4069 4103 4106 4251 4272 4357 4408 4464 4623 4655 4686 4793 4808 4858 4925 4949 4959 4987 
7 193 362 365 616 716 727 729 735 830 840 905 1004 1009 1076 1144 1163 1202 1258 1270 1453 1548 1556 1591 1692 1717 1745 1782 1789 1809 1879 1881 1913 1915 1918 2036 2117 2256 2311 2374 2379 2420 2427 2489 2558 2568 2687 2904 3013 3102 3112 3166 3206 3298 3367 3372 3428 3432 3465 3517 3561 3616 3678 3683 3701 3704 3721 3725 3818 3931 4035 4036 4057 4102 4165 4205 4230 4252 4334 4350 4448 4490 4501 4515 4622 4628 4635 4682 4747 4836 4846 
17 190 210 480 548 555 558 635 792 885 958 1001 1025 1078 1109 1189 1280 1330 1358 1360 1415 1436 1535 1598 1608 1609 1617 1637 1780 1784 1919 1924 2041 2097 2230 2248 2294 2539 2600 2656 2659 2668 2680 2705 2754 2772 2798 2819 2920 3053 3121 3151 3156 3185 3235 3304 3525 3631 3660 3712 3739 3769 3791 3804 3806 3809 3913 3946 4044 4100 4137 4150 4188 4331 4333 4411 4560 4569 4677 4683 4778 4784 4789 4832 4878 4909 4930 4967 4990 
80 318 344 441 474 549 588 613 658 757 787 824 841 934 941 970 1074 1093 1240 1255 1501 1568 1570 1572 1607 1661 1865 1883 1892 2045 2092 2122 2299 2339 2367 2416 2462 2535 2596 2720 2740 2767 2853 2975 2998 3012 3034 3038 3250 3336 3359 3385 3398 3427 3472 3500 3514 3519 3542 3577 3618 3622 3673 3752 3824 3945 3966 4013 4024 4066 4094 4131 4184 4224 4261 4295 4302 4390 4425 4429 4437 4507 4509 4518 4676 4767 4825 4835 4856 
41 120 129 167 176 295 340 436 497 536 546 560 579 583 643 847 973 1011 1097 1101 1205 1215 1284 1359 1364 1470 1577 1634 1658 1738 1777 1877 1977 1989 2236 2239 2243 2261 2264 2300 2327 2337 2340 2399 2471 2532 2554 2615 2637 2662 2688 2696 2712 2749 2755 2797 2849 2879 2983 3011 3119 3178 3239 3256 3288 3403 3407 3490 3559 3624 3626 3642 3659 3771 3820 3832 3958 4002 4068 4128 4308 4414 4584 4656 4675 4739 4852 4906 
68 269 611 711 780 788 805 831 835 861 886 889 963 994 1021 1040 1054 1065 1111 1143 1169 1228 1305 1416 1528 1695 1761 1790 1791 1837 1935 1981 2026 2029 2078 2128 2191 2211 2251 2262 2319 2423 2443 2445 2549 2557 2633 2652 2792 2821 2889 2911 2955 3084 3139 3149 3278 3289 3332 3354 3569 3657 3723 3733 3853 3975 3982 3997 4017 4060 4078 4110 4169 4173 4192 4204 4262 4337 4352 4376 4565 4671 4687 4703 4732 4752 4920 
25 45 102 104 114 237 329 446 477 562 632 637 738 753 761 1221 1224 1239 1274 1355 1365 1388 1449 1452 1506 1522 1581 1732 1741 1743 1755 1825 1853 1959 2008 2028 2084 2113 2257 2303 2534 2619 2632 2645 2747 2752 2759 2786 2829 2891 2912 2916 2936 3141 3272 3300 3319 3327 3331 3400 3405 3476 3520 3566 3643 3772 3819 3823 3920 4005 4049 4074 4338 4343 4467 4558 4615 4765 4809 4820 4853 4926 4946 4951 
14 18 87 197 232 272 327 373 418 485 507 516 517 597 763 773 987 1003 1037 1181 1251 1293 1540 1555 1651 1682 1701 1805 1925 2006 2066 2157 2165 2212 2369 2458 2488 2508 2548 2651 2658 2703 2717 2729 2802 2851 2896 2924 2963 2972 3033 3067 3085 3204 3265 3353 3355 3356 3425 3441 3509 3663 3731 3866 3877 4336 4474 4547 4579 4606 4609 4860 4867 4880 4932 4953 4956 4994 
21 191 198 228 252 265 287 416 476 578 704 815 920 984 1086 1089 1137 1192 1267 1312 1593 1699 1703 1709 1739 1752 1842 1889 1960 1984 2002 2007 2143 2179 2198 2309 2395 2452 2476 2578 2727 2732 2734 2842 2868 2978 3006 3104 3176 3180 3363 3447 3481 3494 3499 3501 3507 3516 3636 3676 3746 3748 3758 3803 3919 4168 4196 4250 4285 4530 4564 4574 4621 4634 4763 4766 4883 4966 
70 187 227 306 320 333 445 452 594 601 608 713 791 895 966 969 1053 1090 1114 1196 1198 1210 1216 1354 1447 1588 1666 1691 1731 1819 1945 2126 2163 2245 2259 2347 2470 2654 2663 2709 2746 2758 2762 2860 2970 3000 3010 3107 3123 3140 3261 3345 3382 3421 3578 3593 3610 3647 3760 3816 3884 3899 3921 3952 3984 4040 4056 4193 4257 4264 4420 4520 4610 4629 4672 4898 
4 43 126 392 528 559 600 669 867 1079 1088 1134 1148 1153 1207 1398 1508 1524 1561 1575 1587 1697 1702 1766 1920 1979 1986 2089 2215 2225 2285 2357 2414 2428 2457 2486 2702 2783 2794 2809 2858 2871 2885 2890 2892 2980 3193 3230 3241 3302 3395 3459 3508 3606 3617 3730 3845 3874 3875 4016 4042 4186 4189 4263 4276 4298 4460 4539 4541 4597 4658 4692 4711 4885 4985 
103 248 314 466 483 606 670 690 747 808 882 1099 1223 1317 1372 1379 1422 1445 1544 1584 1599 1627 1742 1760 1841 1905 1916 2023 2056 2139 2277 2287 2307 2358 2371 2519 3208 3232 3287 3412 3434 3457 3534 3597 3686 3764 3773 3902 3944 3949 4050 4171 4181 4194 4209 4436 4447 4478 4492 4537 4546 4573 4575 4581 4582 4685 4693 4705 4710 4736 4741 4821 4842 4979 
37 40 61 137 138 163 207 253 458 468 530 626 689 742 775 985 1138 1271 1279 1297 1300 1310 1350 1420 1478 1541 1747 1847 1862 1936 2127 2152 2216 2250 2304 2314 2483 2529 2556 2622 2817 2828 2965 3029 3064 3155 3344 3366 3409 3453 3521 3528 3555 3573 3613 3615 3635 3717 3863 3881 3909 3956 3981 4387 4471 4586 4600 4728 4760 4790 4806 4865 4879 
6 98 108 166 221 262 430 491 502 752 772 789 829 988 1187 1344 1389 1480 1512 1625 1643 1715 1728 1740 1828 2011 2058 2331 2348 2384 2444 2451 2500 2527 2630 2787 2795 2826 2843 2908 2910 2939 2942 2997 3021 3133 3164 3183 3207 3266 3423 3574 3588 3619 3623 3691 3711 3831 3843 3971 3983 4043 4101 4229 4563 4617 4666 4668 4725 4746 4748 4810 
10 150 282 356 395 421 566 630 636 646 649 680 696 862 952 968 999 1042 1046 1072 1105 1110 1195 1206 1320 1414 1509 1727 1953 1970 1974 2043 2062 2083 2103 2206 2353 2368 2388 2447 2480 2496 2745 2987 3081 3098 3106 3352 3369 3391 3650 3667 3797 3849 3852 3892 4034 4207 4278 4284 4355 4406 4456 4483 4487 4489 4495 4517 4663 4755 4770 4777 
11 57 62 112 121 243 264 307 330 602 717 741 756 781 796 818 860 890 904 1067 1132 1321 1405 1532 1612 1705 1836 1939 1948 2123 2141 2320 2375 2387 2510 2544 2593 2669 2856 2979 3190 3211 3483 3489 3664 3719 3768 3777 3926 3938 3962 4019 4020 4052 4093 4158 4223 4255 4339 4366 4367 4401 4502 4508 4561 4644 4647 4674 4871 4874 4936 4977 
55 136 194 216 255 398 471 521 737 845 1032 1064 1125 1154 1383 1473 1557 1602 1605 1665 1716 1759 1781 1793 1815 1899 1903 2025 2027 2050 2210 2233 2302 2345 2475 2515 2714 2785 2906 2941 3087 3153 3179 3189 3257 3275 3309 3317 3324 3342 3495 3562 3576 3756 3757 3759 4090 4098 4197 4203 4329 4454 4619 4620 4657 4702 4742 4792 4818 4828 4961 
8 49 52 234 372 423 435 533 683 767 883 913 1147 1157 1173 1278 1505 1533 1547 1574 1635 1679 1763 1950 1969 2228 2292 2394 2430 2525 2559 2569 2608 2678 2686 2769 2788 2808 2859 2945 2988 2999 3057 3088 3111 3114 3228 3305 3321 3358 3506 3538 3644 3710 3813 3825 3838 3977 4006 4018 4162 4361 4362 4409 4522 4570 4593 4745 4914 4916 4921 
53 60 310 484 540 624 634 702 751 793 816 884 891 967 1008 1062 1155 1156 1165 1172 1204 1232 1337 1648 1653 1667 1684 1708 1720 1843 1909 1912 1947 2208 2226 2242 2313 2467 2504 2546 2711 3061 3101 3108 3124 3132 3217 3255 3263 3311 3467 3474 3487 3702 3729 3973 3994 4000 4004 4054 4075 4216 4256 4356 4466 4542 4679 4769 4782 4857 
100 239 256 500 506 508 529 618 628 672 673 801 893 956 1019 1036 1043 1085 1185 1273 1283 1295 1374 1385 1511 1527 1562 1660 1772 1776 1801 1949 2021 2030 2129 2276 2288 2400 2419 2450 2461 2551 2564 2576 2584 2691 2716 2861 2926 3056 3210 3360 3445 3452 3466 3734 4107 4119 4242 4260 4374 4529 4577 4580 4723 4814 4866 4984 
139 201 343 369 401 411 504 686 719 743 806 865 937 979 1177 1188 1338 1596 1657 1671 1704 1758 1958 2022 2047 2142 2203 2295 2330 2356 2366 2385 2407 2408 2592 2599 2694 2876 2899 3030 3175 3236 3279 3280 3299 3419 3435 3713 3740 3774 3812 3934 3990 4254 4270 4290 4305 4384 4432 4566 4646 4696 4758 4942 4958 4978 
58 185 220 222 254 407 462 486 590 694 724 764 765 785 812 868 902 1133 1176 1209 1313 1526 1542 1552 1689 1785 1807 1931 2095 2112 2205 2326 2392 2409 2439 2542 2609 2664 2698 2840 2959 3050 3090 3094 3118 3357 3549 3582 3609 3749 3782 3788 3954 3985 4182 4215 4714 4719 4753 4854 4876 4881 4900 4982 4999 
92 107 130 267 378 470 523 615 620 681 782 826 857 870 1018 1057 1080 1191 1417 1430 1498 1567 1569 1714 2193 2200 2272 2278 2282 2315 2425 2521 2775 2805 2874 2877 2913 3071 3165 3286 3378 3392 3462 3560 3682 3858 3996 4121 4140 4183 4231 4236 4335 4348 4472 4588 4611 4653 4715 4776 4869 4912 4964 
84 97 116 119 141 168 236 273 292 315 400 427 428 898 915 943 971 1012 1060 1071 1129 1249 1260 1311 1583 1611 1736 1839 2074 2080 2296 2334 2449 2479 2537 2707 2952 2967 3105 3117 3128 3468 3600 3604 3612 3640 3700 3761 3869 3908 4144 4176 4265 4267 4291 4317 4416 4453 4465 4781 4843 4910 4995 
15 169 199 200 226 453 460 501 527 551 698 710 758 768 1048 1073 1126 1151 1336 1450 1477 1641 1762 1765 1820 1849 1885 1896 1991 2012 2136 2147 2232 2291 2370 2377 2463 2487 2695 2771 2781 2989 3072 3171 3455 3488 3541 3546 3779 3929 3943 4039 4163 4219 4287 4322 4442 4446 4497 4872 4975 4993 
20 72 208 212 384 387 404 410 444 493 571 731 744 929 932 964 1045 1222 1242 1288 1329 1375 1518 1632 1968 1971 1980 2000 2068 2172 2185 2227 2629 2636 2718 2737 2907 2940 3023 3025 3069 3295 3473 3477 3529 3632 3669 3735 3770 3865 3904 4111 4132 4212 4244 4313 4545 4768 4805 4827 4903 4924 
105 274 301 394 431 464 488 564 565 692 799 822 911 917 926 982 995 1175 1193 1219 1296 1382 1433 1459 1463 1507 1636 1754 1860 1967 2105 2115 2124 2146 2167 2192 2194 2197 2247 2258 2704 2872 3020 3062 3339 3436 3437 3629 3662 3765 3833 3897 4021 4058 4088 4214 4327 4455 4484 4662 4764 4873 
26 178 302 337 345 438 490 553 598 663 976 1092 1301 1308 1323 1440 1499 1553 1615 1687 1693 1844 1863 1875 2329 2460 2540 2598 2621 2627 2753 2796 2881 2921 3100 3125 3209 3242 3308 3361 3614 3654 3694 3745 3751 3815 4046 4120 4142 4190 4392 4433 4536 4576 4578 4598 4648 4649 4717 4894 
86 88 448 532 574 591 629 797 972 1031 1122 1124 1139 1245 1347 1468 1492 1497 1551 1630 1633 1640 1676 1864 1995 2116 2144 2156 2254 2432 2677 2689 2801 2822 2886 2947 3145 3146 3191 3430 3440 3567 3652 3709 3822 3827 3887 4138 4187 4417 4438 4441 4548 4557 4568 4697 4698 4761 4822 4960 
22 78 165 336 347 419 708 790 858 1229 1425 1484 1559 1662 1690 1696 1788 1813 1845 1928 1964 2101 2121 2279 2324 2401 2421 2454 2520 2522 2579 2582 2618 2722 2736 2743 2793 2839 3008 3016 3055 3158 3245 3268 3306 3320 3349 3374 3471 3608 3916 4127 4149 4159 4161 4733 4887 4904 4983 
142 204 270 467 469 544 577 627 687 730 887 892 925 1033 1039 1112 1199 1262 1277 1285 1352 1407 1489 1513 1620 1622 1768 1835 1943 2070 2306 2605 2606 2713 2757 2898 3026 3045 3065 3168 3671 3829 3927 3961 4059 4114 4122 4218 4226 4345 4364 4400 4445 4642 4694 4750 4864 4950 4952 
161 215 224 275 379 518 873 1027 1117 1123 1226 1227 1340 1380 1582 1723 1873 1914 1983 1997 2004 2049 2114 2125 2360 2361 2459 2604 2623 2684 2761 2867 2905 3167 3225 3294 3482 3720 3776 3794 3821 3839 3840 3972 4081 4156 4170 4283 4415 4418 4431 4491 4527 4681 4796 4798 4829 4870 
30 48 69 89 257 377 429 440 463 520 556 850 933 948 996 1038 1068 1162 1655 1719 1800 1808 1838 1878 1933 2096 2204 2260 2328 2380 2505 2553 2575 2595 2690 2726 2764 2855 3110 3137 3160 3343 3705 3787 3870 4116 4239 4493 4531 4534 4551 4571 4756 4804 4938 
73 75 173 235 351 496 543 651 754 755 807 849 876 1013 1399 1464 1613 1681 1774 1779 1888 2073 2433 2506 2530 2641 2835 2882 2897 2923 3089 3296 3491 3493 3526 3594 3775 3935 4027 4072 4096 4109 4217 4273 4328 4330 4423 4452 4632 4684 4709 4851 4971 
113 230 296 341 531 557 638 684 817 825 1007 1061 1200 1208 1233 1345 1481 1685 1859 1904 2342 2512 2710 2735 2738 2791 3027 3240 3269 3310 3406 3414 3736 3753 3811 3855 3859 3923 3993 4061 4123 4130 4309 4341 4385 4426 4603 4815 4888 4937 4973 
39 54 322 393 439 645 736 881 1327 1461 1515 1573 1664 1677 1786 1917 2086 2102 2180 2266 2391 2517 2701 2766 2800 2925 2929 2974 3049 3060 3095 3186 3215 3223 3229 3485 3527 3544 3670 3722 3835 3940 3947 3970 4065 4129 4638 4643 4897 4972 
33 47 186 268 297 323 389 414 417 923 938 1146 1170 1314 1443 1475 1571 1730 1992 2099 2109 2119 2120 2217 2365 2594 2748 2825 3048 3070 3078 3303 3375 3480 3513 3522 3550 3888 3991 4079 4198 4228 4316 4372 4389 4506 4587 4616 4636 4886 
106 115 143 205 303 354 535 593 707 723 944 1000 1164 1339 1349 1362 1423 1439 1441 1680 1898 2246 2271 2474 2498 2514 2587 2721 3252 3253 3365 3383 3727 3882 3912 3979 4011 4070 4073 4134 4206 4296 4301 4346 4368 4422 4608 4665 4837 4963 
38 181 188 192 363 499 554 625 1023 1174 1180 1435 1465 1531 1816 1886 1963 1999 2235 2468 2493 2494 2503 2577 2586 2613 2628 2639 2804 2888 2961 3014 3134 3159 3237 3301 3511 3672 3738 4031 4180 4435 4486 4512 4785 4823 4845 4902 4929 
154 225 250 300 406 539 682 732 809 869 1115 1136 1194 1266 1268 1346 1384 1469 1563 1616 1746 2065 2075 2465 2511 2642 2723 2811 2937 2996 3172 3264 3273 3390 3408 3747 3780 3814 3967 4053 4379 4399 4572 4661 4722 4724 4773 4838 4849 
76 203 214 271 498 587 668 699 706 749 784 928 1121 1168 1394 1404 1956 2154 2168 2184 2221 2321 2442 2469 2591 2614 2756 2845 2927 2934 3147 3243 3254 3277 3424 3469 3498 3598 3685 3726 4152 4360 4595 4688 4720 4762 4786 4941 4980 
13 140 538 899 916 989 1231 1413 1668 1810 1817 1957 2048 2055 2081 2082 2274 2363 2411 2528 2660 2724 2833 3093 3138 3177 3227 3449 3679 3718 3868 3925 3998 4095 4104 4245 4275 4500 4591 4699 4743 4754 4830 4833 4940 4986 
65 149 218 249 374 700 746 748 827 836 878 998 1152 1298 1307 1348 1351 1536 1645 1647 1829 2064 2076 2077 2478 2681 2731 2949 3092 3496 3861 3885 3951 3992 4087 4253 4459 4477 4494 4544 4618 4890 4899 4945 
145 183 509 514 667 851 908 978 1029 1106 1116 1190 1331 1424 1698 1965 2061 2164 2190 2214 2224 2249 2362 2495 2526 2545 2782 2818 2884 2943 3002 3063 3687 3784 3898 3939 3955 4382 4449 4718 4882 4935 
71 180 289 316 328 415 537 586 906 953 1523 1543 1564 1921 2001 2016 2332 2436 2455 2456 2571 2625 2648 2820 2865 2968 2985 3381 3575 3674 3743 3754 3883 4022 4269 4407 4554 4559 4669 4749 4948 4969 
46 93 382 457 599 679 685 1059 1269 1411 1431 1485 1549 1601 1659 1683 1908 2046 2177 2289 2301 2364 2541 2573 2964 3202 3351 3464 3470 3554 3847 3867 3886 4045 4391 4498 4504 4607 4612 4911 4917 
335 339 357 359 388 511 550 769 939 965 997 1094 1104 1419 1421 1432 1438 1798 2085 2189 2207 2354 2412 2610 2638 2894 3046 3113 3127 3397 3442 3458 3475 3556 3872 3890 3905 4185 4241 4371 4380 
111 311 1006 1103 1220 1248 1621 1706 1718 1729 1735 1787 1832 1868 2290 2405 2472 2565 2611 2661 2670 2854 3181 3188 3285 3422 3502 3540 3590 3693 3959 4062 4202 4306 4347 4461 4462 4514 4811 4954 4992 
90 157 286 381 648 1127 1342 1367 1409 1519 1623 1711 1812 2059 2100 2140 2322 2352 2706 2852 2966 3066 3076 3187 3197 3282 3563 3850 3896 3999 4003 4014 4304 4383 4590 4639 4757 4892 4915 4918 4919 
66 99 118 233 569 570 665 701 759 844 853 1460 1603 1998 2039 2110 2160 2161 2323 2403 2484 2501 2533 2657 2838 2909 3130 3136 3144 3173 3259 3524 3565 3630 3648 4048 4222 4479 4499 4673 
158 261 674 804 922 940 1161 1334 1391 1792 1856 1954 1955 1966 2009 2037 2178 2316 2570 2574 2765 2880 3148 3213 3386 3413 3479 3601 3708 3741 3880 4097 4113 4282 4299 4430 4596 4800 4944 
34 259 370 534 542 660 671 722 843 846 1259 1654 1721 1854 1982 2438 2928 3018 3182 3451 3587 3649 3762 3876 4118 4155 4274 4280 4297 4342 4363 4375 4424 4538 4670 4695 4877 4997 
124 217 277 358 360 396 403 855 901 980 1142 1145 1775 1804 1830 2267 2346 2393 2672 2774 2776 2864 3194 3200 3233 3346 3350 3547 3799 4172 4199 4475 4708 4735 4744 4824 4962 
24 110 383 449 621 655 819 951 1030 1396 1525 1767 1893 1906 1930 2018 2118 2293 2297 2335 2396 2422 2485 2490 2523 2567 2644 2679 2841 3009 3040 3535 3595 4281 4589 4624 4943 
3 63 122 332 342 475 726 795 961 1002 1119 1656 1672 1773 1900 1932 2035 2155 2181 2778 2779 2790 2953 3073 3199 3307 3393 3523 3536 3699 3798 4396 4473 4482 4840 4989 
94 125 285 366 647 852 912 1113 1141 1243 1437 1619 1663 1834 2053 2418 2464 2900 2903 2957 3368 3548 3607 3627 3628 3911 3937 4167 4370 4468 4470 4552 4716 4955 4957 4996 
172 244 350 391 450 495 584 609 866 907 1167 1197 1264 1472 1606 1764 1797 2390 2482 2563 2635 2667 2719 2875 3120 3196 3621 3688 4091 4178 4233 4439 4727 4729 4862 
50 242 420 447 489 492 720 810 879 1077 1186 1446 1649 1852 1869 1901 2473 2477 2607 2646 2922 3326 3387 3431 3625 3651 3653 3665 3801 4259 4421 4444 4701 4771 
144 147 260 779 1178 1324 1503 1638 1670 1794 2013 2349 2562 2810 3218 3291 3322 3504 3571 3848 3851 3987 3995 4126 4271 4303 4519 4700 4721 4734 4819 4891 4901 4965 
51 151 155 661 728 739 828 1150 1315 1381 1516 1652 1757 2010 2683 2866 2931 2932 3162 3170 3244 3589 3639 3750 3830 3864 3969 4033 4516 4526 4787 4889 4981 
238 321 371 386 512 592 777 800 914 1135 1250 1373 1669 1890 2054 2145 2497 2836 3042 3174 3195 3220 3325 3456 3568 4195 4292 4344 4640 4706 
95 206 1275 1368 1392 1479 1529 1554 1589 1629 1756 1894 2067 2131 2183 2188 2653 2813 2827 2938 3097 3537 3965 4177 4210 4213 4258 4321 4511 4841 
23 27 280 313 612 733 894 1005 1626 1631 1694 1962 2033 2655 2807 3043 3293 3314 3316 3439 3557 3591 4067 4085 4307 4332 4353 4358 4457 4633 
128 132 348 721 977 1107 1309 1322 1361 1371 1400 1510 1538 1585 1927 1952 2034 2398 2415 2550 2733 3036 3426 3446 3836 3871 4220 4234 4947 
31 284 326 465 525 633 786 1291 1393 2135 2202 2280 2283 2424 2531 2846 2958 3035 3283 3552 3570 3666 3922 4071 4082 4481 4680 4933 
367 641 734 745 1160 1466 1467 1502 1580 2063 2341 2453 2588 2971 2990 3214 3297 3348 3800 3808 3854 3936 4208 4759 4844 4928 
74 159 304 413 519 545 563 654 848 1408 1594 2350 2597 2831 3077 3340 3373 3417 3486 3842 4105 4125 4227 4247 4480 
59 1075 1217 1282 1530 1686 1712 1748 1824 2044 2107 2739 2777 3080 3416 3837 4246 4279 4314 4354 4543 4807 
36 162 409 412 479 771 1183 1263 1534 1595 1778 1795 2024 2042 2159 2404 2666 3553 3596 4083 4485 4970 
67 281 433 552 776 820 1294 1303 1545 1675 1700 1821 1822 2071 2312 2585 2616 3976 4164 4394 4398 
283 575 657 910 931 991 1051 1427 1434 1823 1891 3603 3605 4112 4157 4641 
123 312 459 1426 1493 1560 1811 1937 2175 2437 3222 3901 4381 4395 4440 
170 461 547 942 957 1257 1840 2310 2760 3655 3677 3783 4402 4651 4998 
135 164 184 774 1171 2640 2649 2986 3007 3505 3766 3873 4325 
368 434 1867 2993 3109 3337 3389 3512 4099 4378 4592 4913 4922 
432 811 814 1576 1610 2057 2072 2626 3404 3532 4117 4133 4650 
945 1028 1041 1120 1299 1366 1674 1940 2589 2685 3249 4249 
918 1066 2031 2148 2410 3260 4008 4268 4550 4968 
2466 
