108 202 239 243 248 346 611 848 888 939 966 1019 1020 1120 1201 1206 1287 1317 1326 1372 1377 1378 1388 1481 1501 1526 1639 1670 1738 1759 1829 1838 1863 1901 1910 1922 1925 2102 2200 2230 2277 2311 2345 2387 2458 2488 2518 2611 2700 2726 2727 2798 2953 2998 3048 3082 3109 3146 3184 3241 3350 3374 3437 3450 3560 3587 3619 3633 3660 3703 3715 3750 3758 3808 3882 3890 4037 4080 4109 4147 4159 4183 4212 4271 4283 4348 4388 4524 4636 4657 4708 4747 4766 4773 4814 4824 4982 
16 21 96 117 160 213 227 284 431 511 528 634 635 703 718 737 754 811 814 858 871 933 973 985 1070 1129 1158 1216 1567 1584 1602 1633 1712 1784 1824 1860 1909 1926 1940 1992 1996 2033 2043 2130 2145 2149 2216 2312 2400 2426 2441 2566 2663 2667 2678 2768 2834 2967 3032 3113 3170 3242 3380 3396 3430 3511 3531 3549 3554 3646 3732 3833 3898 3917 4042 4052 4089 4121 4142 4243 4350 4359 4412 4461 4496 4509 4510 4527 4535 4639 4709 4716 4727 4782 4823 4966 
38 106 107 185 253 318 384 400 422 534 657 673 775 974 1119 1136 1181 1203 1218 1427 1433 1437 1510 1546 1560 1647 1695 1741 1793 1892 1918 1972 2035 2077 2080 2166 2213 2292 2343 2347 2415 2456 2547 2664 2691 2714 2793 2795 2814 2931 2977 3092 3108 3123 3131 3166 3273 3324 3337 3404 3471 3485 3564 3574 3673 3717 3773 3778 3798 3814 3818 3921 3959 3962 4132 4152 4222 4227 4239 4260 4429 4462 4541 4593 4605 4607 4651 4681 4764 4842 4856 4960 
67 84 198 275 390 449 455 457 514 578 644 687 790 833 891 964 1027 1032 1054 1069 1169 1249 1260 1273 1301 1413 1414 1544 1589 1679 1682 1700 1756 1865 1979 2058 2147 2167 2251 2272 2283 2306 2328 2457 2513 2527 2573 2617 2721 2789 2819 2859 2962 3257 3283 3342 3365 3382 3389 3417 3537 3553 3609 3616 3634 3796 3809 3841 3908 3914 4023 4029 4048 4134 4211 4233 4234 4279 4309 4397 4443 4543 4598 4629 4631 4693 4732 4788 4853 4883 4924 4928 
95 116 141 209 235 290 366 475 518 606 627 664 677 726 798 913 945 1084 1151 1245 1275 1289 1308 1376 1380 1432 1445 1484 1521 1522 1566 1681 1702 1778 1906 1929 1937 2034 2056 2310 2355 2359 2412 2475 2605 2818 2822 2838 2933 2982 3052 3062 3063 3127 3183 3196 3199 3218 3276 3329 3330 3467 3571 3637 3670 3867 3874 3919 3960 3982 4030 4124 4238 4341 4356 4374 4378 4414 4456 4477 4578 4603 4630 4646 4665 4829 4845 4893 4938 4983 
91 98 130 196 282 297 308 343 507 524 531 535 548 591 600 682 760 800 804 809 835 1044 1046 1188 1205 1250 1264 1318 1395 1463 1490 1504 1563 1668 1832 1839 1841 1934 1943 2023 2045 2184 2305 2313 2317 2319 2321 2433 2481 2517 2534 2696 2732 2783 2803 3045 3100 3209 3212 3315 3316 3356 3475 3529 3738 3756 3988 3992 3995 4004 4216 4269 4336 4486 4513 4572 4674 4675 4756 4806 4835 4899 4906 
11 59 74 145 159 339 345 509 529 545 653 656 921 993 1023 1033 1076 1077 1173 1227 1262 1266 1299 1396 1442 1454 1605 1750 2001 2057 2088 2132 2182 2189 2223 2286 2373 2604 2655 2675 2719 2759 2764 2837 2846 2895 3016 3059 3073 3085 3207 3210 3217 3321 3322 3340 3377 3444 3621 3640 3927 3932 3983 4011 4038 4041 4088 4133 4273 4285 4311 4342 4353 4371 4539 4616 4740 4746 4971 
78 292 301 411 543 595 676 818 889 899 910 1086 1146 1152 1315 1324 1334 1342 1455 1553 1652 1717 1795 1800 1818 1895 1911 1938 1939 1952 2036 2055 2100 2236 2250 2298 2361 2431 2436 2451 2454 2469 2499 2538 2577 2578 2584 2595 2668 2711 2841 2983 3104 3177 3189 3228 3236 3253 3294 3351 3360 3515 3618 3910 3970 3996 4062 4112 4114 4136 4230 4251 4316 4470 4538 4627 4678 4759 4898 
191 226 233 310 334 349 377 430 434 734 824 829 844 893 1015 1041 1088 1270 1286 1319 1401 1547 1714 1797 1844 1846 2097 2202 2217 2256 2294 2301 2346 2350 2396 2422 2610 2649 2679 2729 2758 2877 3008 3055 3058 3078 3088 3095 3116 3221 3262 3297 3326 3407 3465 3522 3576 3597 3625 3740 3759 3812 3828 3876 3975 4050 4174 4399 4419 4420 4421 4440 4452 4516 4666 4739 4775 4968 4989 
54 128 132 149 167 312 473 616 667 680 725 746 749 1005 1022 1104 1184 1193 1198 1265 1386 1425 1470 1474 1498 1538 1626 1663 1673 1804 1887 1975 1985 2014 2032 2108 2136 2227 2399 2567 2671 2786 2811 2812 2945 3074 3091 3141 3274 3310 3319 3343 3367 3385 3426 3473 3508 3519 3630 3641 3697 3762 3799 3878 4075 4086 4320 4324 4328 4464 4584 4677 4726 4804 4828 4833 4873 4955 
73 120 251 255 286 381 397 412 492 496 506 520 562 636 688 736 788 825 869 938 979 987 1134 1145 1238 1268 1349 1410 1649 1659 1680 1719 1776 2165 2336 2341 2403 2409 2447 2455 2482 2528 2550 2551 2592 2599 2640 2690 2809 2847 2908 2938 3010 3246 3335 3364 3440 3466 3493 3578 3682 3707 3730 3813 3842 3883 4122 4224 4292 4469 4520 4523 4741 4748 4840 4995 
124 237 260 460 477 512 601 607 610 681 741 783 831 837 864 1038 1128 1256 1303 1331 1348 1350 1444 1654 1813 1819 1851 1920 2059 2143 2163 2278 2429 2463 2574 2590 2601 2609 2701 2718 2737 2805 2823 2827 2947 3061 3077 3105 3277 3421 3464 3666 3859 3863 3961 3965 3968 3985 4240 4327 4392 4448 4499 4508 4564 4606 4622 4633 4729 4776 4860 4947 
143 184 336 338 424 474 503 536 567 573 585 648 713 716 721 771 1099 1170 1182 1436 1530 1558 1694 1774 1870 1890 1919 1986 2051 2061 2123 2180 2192 2212 2241 2268 2508 2537 2677 2687 2688 2815 2899 2912 2921 2926 2950 3287 3300 3327 3348 3442 3468 3550 3748 3804 3819 3897 3943 3979 4102 4229 4270 4373 4451 4567 4609 4691 4731 4822 4881 4992 
12 131 175 325 471 650 729 743 762 845 863 876 919 935 969 978 996 1002 1010 1037 1096 1223 1241 1503 1518 1592 1598 1733 1746 1854 1879 1933 2037 2040 2135 2235 2624 2635 2854 2913 2937 3036 3107 3115 3157 3266 3344 3595 3658 3667 3729 3765 3786 3860 3916 3920 3973 4031 4039 4049 4083 4120 4130 4173 4294 4467 4548 4680 4849 4914 4933 
69 88 361 370 668 714 777 1064 1114 1139 1246 1320 1338 1364 1403 1467 1536 1619 1722 1764 1811 1814 1984 2015 2021 2270 2279 2323 2381 2392 2669 2785 2821 2884 2954 3013 3136 3156 3211 3270 3271 3304 3313 3333 3372 3406 3408 3563 3710 3843 3902 3987 4061 4094 4111 4169 4185 4203 4210 4221 4291 4345 4479 4562 4601 4617 4734 4832 4870 4875 
9 79 90 150 236 363 371 394 629 670 691 782 807 812 832 861 880 1059 1171 1240 1259 1279 1313 1416 1420 1429 1513 1607 1608 1685 1697 1732 1837 1907 1953 2075 2142 2191 2344 2384 2575 2583 2587 2634 2813 3035 3039 3125 3147 3250 3394 3434 3477 3492 3513 3533 3708 3774 3928 4126 4193 4241 4363 4446 4504 4590 4696 4784 4811 
40 136 153 262 266 351 383 419 436 631 683 774 776 799 897 960 1143 1162 1446 1525 1565 1581 1676 1794 1805 1822 1898 1915 1941 2009 2047 2066 2148 2154 2282 2314 2420 2453 2532 2692 2738 2810 3050 3121 3133 3173 3614 3700 3704 3712 3720 3739 3805 3823 3926 3990 4125 4189 4208 4330 4395 4482 4488 4608 4687 4839 4841 4964 4976 
24 110 220 281 285 378 388 392 502 696 1163 1168 1172 1417 1434 1533 1543 1576 1586 1595 1627 1744 1758 1868 1888 1897 1930 1955 2054 2068 2069 2114 2122 2201 2231 2254 2520 2530 2553 2612 2695 2887 3021 3084 3165 3312 3405 3432 3439 3604 3644 3686 3691 3714 3790 3811 4079 4200 4360 4368 4403 4540 4556 4723 4865 4941 4957 4981 
46 111 309 347 355 870 953 1079 1149 1156 1405 1519 1585 1603 1650 1698 1720 1772 1775 1817 1866 2008 2064 2082 2099 2111 2129 2220 2234 2300 2388 2512 2720 2791 2801 2830 2916 2935 3033 3040 3056 3140 3224 3302 3306 3361 3383 3445 3504 3674 3688 3889 4064 4068 4139 4144 4150 4158 4206 4425 4426 4493 4594 4791 4827 4954 
81 245 280 329 498 517 584 700 711 894 918 965 983 991 1025 1180 1239 1255 1257 1274 1469 1502 1550 1564 1737 1739 1747 1893 1923 1983 1999 2193 2203 2243 2309 2316 2395 2421 2435 2623 2733 2757 2788 2831 2980 3023 3106 3220 3258 3282 3339 3375 3401 3696 3749 3793 3857 4036 4163 4171 4288 4571 4637 4751 4885 4919 
1 44 77 264 564 572 589 693 867 962 1043 1127 1213 1311 1341 1373 1385 1497 1573 1704 1808 1872 1883 1944 2091 2169 2177 2276 2393 2509 2603 2639 2794 2880 2892 2927 3006 3118 3158 3193 3247 3280 3368 3497 3528 3559 3648 3752 3837 4010 4186 4201 4277 4375 4386 4438 4596 4635 4638 4737 4758 4864 4908 4915 
31 80 86 156 164 464 479 593 597 613 646 672 764 780 806 838 896 1110 1112 1115 1130 1164 1225 1293 1330 1480 1532 1606 1632 1785 1899 1902 2124 2246 2265 2329 2337 2377 2385 2565 2591 2607 2829 2923 3238 3309 3311 3398 3447 3610 3679 3930 4033 4319 4323 4390 4525 4679 4721 4779 4787 4801 4807 4874 
199 263 333 398 448 542 553 699 834 932 944 1017 1036 1055 1090 1160 1207 1276 1499 1582 1672 1683 1807 1828 1997 2060 2067 2096 2104 2120 2238 2242 2261 2269 2430 2439 2533 2703 2716 2743 2747 2753 2944 2981 2999 3004 3080 3456 3474 3607 3623 3776 3997 4015 4017 4040 4355 4542 4557 4611 4623 4658 4670 4894 
45 93 102 114 173 203 326 423 540 612 617 647 710 723 730 810 843 912 949 1087 1154 1329 1346 1359 1428 1447 1611 1708 1782 1861 1878 2232 2477 2480 2491 2504 2619 2631 2646 2855 2857 2978 3043 3167 3188 3267 3281 3286 3505 3628 3792 3853 3869 3915 4018 4025 4027 4078 4164 4209 4431 4663 4951 
56 97 240 396 472 546 766 821 822 908 940 957 961 968 1101 1177 1494 1614 1635 1773 1820 1891 2012 2086 2090 2244 2248 2358 2401 2643 2650 2680 2853 2863 2909 2932 3162 3239 3272 3416 3488 3491 3523 3534 3613 3741 3745 3884 3911 3966 4105 4225 4280 4284 4308 4383 4427 4595 4738 4813 4851 4861 4884 
146 152 238 305 432 459 530 576 674 752 755 772 1007 1097 1277 1464 1537 1667 1810 1825 1842 1900 2065 2074 2084 2215 2249 2331 2438 2448 2544 2804 2828 2865 2943 3180 3459 3581 3629 3677 3693 3705 3725 3829 3836 3858 4218 4246 4289 4370 4398 4491 4495 4507 4661 4774 4808 4843 4847 4855 4867 4892 4984 
23 75 211 438 454 510 641 712 763 877 901 936 959 1024 1100 1186 1211 1235 1458 1867 1882 2000 2030 2125 2126 2141 2280 2379 2402 2496 2500 2557 2618 2632 2704 2763 2882 2897 3128 3134 3301 3392 3458 3545 3593 3675 3680 3788 3820 3822 3913 4045 4191 4237 4301 4423 4428 4604 4689 4692 4718 4959 
49 105 208 229 314 331 426 619 705 724 765 836 849 975 1107 1153 1278 1382 1407 1850 1896 1903 1960 2002 2007 2173 2207 2340 2466 2645 2709 2745 2936 3017 3111 3154 3164 3292 3298 3308 3546 3582 3706 3800 3832 3879 3953 4096 4117 4153 4226 4231 4257 4262 4339 4382 4537 4857 4902 4927 4936 4956 
3 94 122 125 140 144 415 522 565 633 640 679 735 784 905 998 1061 1117 1426 1569 1742 1752 2006 2028 2535 2585 2660 2662 2712 2808 2910 2951 2972 3051 3060 3174 3181 3203 3229 3433 3566 3588 3695 3803 3838 3848 4072 4084 4128 4166 4329 4340 4351 4354 4551 4821 4826 4836 4869 4969 
65 216 274 350 354 356 387 389 418 429 519 580 645 872 930 941 1142 1370 1551 1600 1638 1803 1812 1935 2049 2063 2087 2134 2378 2419 2424 2445 2524 2564 2608 2656 2659 2849 2924 3200 3233 3429 3431 3438 3454 3496 3551 3777 3991 4058 4198 4304 4437 4714 4796 4809 4820 4877 4886 4997 
4 6 43 581 661 785 797 827 855 1021 1040 1108 1337 1631 1806 1857 1894 1968 2221 2258 2275 2440 2511 2615 2627 2636 2735 2866 2875 2948 3169 3288 3415 3514 3524 3770 3877 3941 4065 4145 4167 4223 4364 4424 4503 4560 4561 4565 4575 4615 4664 4667 4686 4781 4812 4852 4913 4929 4945 
14 212 295 323 348 357 428 446 570 801 853 857 866 943 1003 1009 1018 1062 1132 1483 1506 1613 1686 1734 1769 1780 1799 1852 2029 2031 2112 2252 2259 2383 2405 2461 2548 2739 2878 2928 3027 3175 3317 3400 3463 3552 3701 3728 3918 3978 3984 4263 4266 4310 4472 4818 4868 4930 4978 
20 87 278 289 443 462 504 515 525 686 745 787 840 851 860 883 1056 1071 1082 1230 1285 1345 1387 1471 1580 1601 1743 1991 2139 2196 2291 2326 2502 2510 2670 2876 2889 2904 3232 3543 3567 3580 3586 3590 3608 3802 3967 3993 4003 4014 4199 4232 4293 4444 4547 4848 4863 4953 4994 
82 154 224 249 559 625 628 856 1113 1175 1361 1588 1628 1653 1748 1761 1767 1815 2266 2351 2414 2489 2490 2515 2741 2765 2774 2835 2968 3026 3126 3138 3289 3362 3478 3521 3584 3678 3742 3747 3816 3864 3871 3893 3904 4001 4129 4296 4338 4690 4700 4702 4771 4785 4819 4837 4895 4934 
22 210 332 615 620 750 841 942 950 1294 1473 1488 1572 1692 1731 1740 1770 1831 1947 1948 1951 2020 2171 2267 2462 2519 2531 2614 2705 2755 2886 2893 2996 3001 3093 3149 3462 3530 3598 3617 3737 3754 3787 3875 3888 4016 4095 4155 4187 4314 4656 4760 4763 4769 4859 4926 4990 
158 206 221 276 353 373 538 556 588 630 632 1030 1187 1209 1271 1297 1435 1459 1500 1512 1596 1745 1830 1847 2022 2105 2115 2116 2293 2653 2676 2699 2744 2775 2843 2900 2914 3005 3012 3201 3435 3460 3498 3592 3735 3767 3791 3862 3951 4071 4170 4172 4313 4418 4553 4585 4599 
32 287 324 401 533 563 708 817 951 971 1034 1050 1080 1204 1272 1419 1423 1597 1689 1790 1827 1833 1908 1961 2048 2089 2113 2144 2271 2452 2479 2516 2525 2684 2685 2722 2848 3204 3427 3501 3506 3601 3736 3854 3986 4184 4267 4349 4405 4457 4500 4536 4570 4643 4754 4777 
89 147 177 259 265 302 391 638 728 753 1004 1063 1106 1124 1133 1215 1252 1269 1391 1508 1675 1718 1905 1965 1974 2003 2024 2190 2206 2295 2408 2432 2486 2772 2992 3094 3096 3192 3252 3470 3480 3490 3547 3579 4046 4361 4433 4501 4576 4577 4592 4654 4699 4713 4965 4988 
101 161 166 207 549 555 639 685 707 779 847 884 916 1316 1478 1612 1716 1723 1724 2253 2263 2285 2338 2356 2555 2561 2563 2579 2602 2710 2740 2751 2874 2888 2958 2970 3019 3130 3163 3243 3256 3295 3393 3570 3663 3724 3731 3895 4005 4104 4148 4389 4521 4642 4931 
148 293 307 380 493 501 596 773 989 1067 1234 1389 1539 1552 1809 1848 1864 1877 1998 2039 2366 2390 2407 2487 2506 2626 2842 3054 3097 3155 3263 3371 3540 3656 3733 3781 3806 3825 3903 3989 4051 4188 4215 4307 4393 4411 4447 4454 4455 4502 4591 4695 4712 4725 4876 
2 29 58 244 247 360 393 482 575 624 666 815 865 926 976 1065 1167 1189 1192 1283 1424 1440 1491 1542 1660 1845 2017 2257 2288 2332 2404 2526 2673 2715 3278 3290 3555 3661 3668 3746 3891 3950 4009 4107 4141 4202 4352 4632 4694 4710 4846 4871 4879 
55 71 112 134 300 327 500 557 583 695 805 820 846 967 982 1078 1219 1591 1853 1945 2118 2158 2365 2386 2437 2459 2586 2616 2920 2961 3042 3081 3205 3245 3291 3502 3782 3827 3886 4047 4182 4192 4195 4332 4514 4532 4588 4634 4742 4795 4925 4944 4977 
100 163 228 258 461 566 875 902 907 927 977 997 1073 1103 1222 1251 1258 1261 1263 1322 1399 1541 1610 1624 1826 1889 1949 2083 2131 2198 2342 2371 2394 2707 2885 2940 2963 3011 3022 3144 3328 3425 3755 4013 4190 4236 4244 4436 4498 4707 4722 4735 4891 
0 42 64 83 230 234 269 342 450 491 508 552 586 720 816 1217 1360 1411 1472 1578 1655 1726 2157 2170 2348 2449 2756 2860 2881 2986 3129 3259 3323 3387 3503 3520 3783 3785 3835 3885 3900 3906 3974 4024 4066 4249 4265 4401 4434 4484 4612 4685 
5 35 60 171 328 655 702 928 1161 1196 1210 1236 1343 1368 1415 1468 1557 1760 1942 2078 2334 2546 2597 2620 2731 2806 2864 2971 3219 3260 3318 3336 3352 3476 3687 3719 3744 3751 3807 3817 3923 3929 4119 4366 4581 4587 4724 4792 4905 4921 4998 
8 115 205 261 299 313 376 481 527 768 786 947 958 1039 1157 1282 1304 1323 1335 1651 1664 1703 1749 1855 2211 2225 2322 2354 2498 2708 3046 3244 3611 3651 3839 3931 3933 4020 4098 4101 4162 4253 4264 4305 4357 4365 4402 4528 4621 4750 4963 
19 53 441 486 602 923 981 1057 1159 1352 1509 1524 1587 1621 1736 1777 1858 1904 2185 2194 2297 2368 2417 2476 2501 2693 2792 2807 2833 2995 3064 3160 3222 3223 3409 3589 3602 4055 4297 4334 4417 4478 4526 4582 4641 4715 4790 4816 4844 4937 4999 
33 47 135 186 267 407 483 665 808 874 1081 1093 1430 1534 1840 1950 1967 2042 2589 2613 2625 2665 2706 2891 2907 2915 2976 2984 3089 3124 3151 3237 3254 3379 3412 3419 3532 3709 3718 3779 3830 3939 4032 4123 4154 4276 4331 4519 4554 4555 4586 
39 178 279 386 409 440 488 550 623 689 694 742 789 994 1016 1052 1053 1309 1393 1402 1648 1693 1768 1798 2046 2085 2137 2178 2569 2651 2949 3037 3234 3338 3449 3558 3569 3583 3596 3935 4019 4143 4298 4333 4445 4573 4579 4659 4669 4767 4972 
57 62 85 195 241 291 385 469 658 770 802 819 885 904 1058 1075 1314 1421 1438 1932 2101 2204 2222 2333 2443 2444 2540 2633 2760 2824 2836 3090 3284 3299 3577 3768 3940 4000 4082 4108 4151 4213 4409 4413 4416 4439 4673 4743 4752 4916 4962 
103 119 189 222 272 523 758 839 882 929 984 1094 1102 1281 1398 1528 1609 1707 1757 1873 1982 1993 2004 2038 2218 2245 2335 2380 2576 2628 2654 2781 2918 2987 3002 3067 3119 3145 3148 3293 3654 3956 4077 4252 4286 4435 4610 4682 4704 4909 4979 
109 174 176 271 273 425 458 470 539 560 590 651 669 868 886 890 980 1253 1291 1344 1356 1443 1507 1643 1645 1646 1957 2103 2382 2473 2507 2536 2770 2787 2856 3075 3098 3171 3296 3499 3535 3851 3865 4135 4228 4235 4362 4396 4511 4644 4967 
113 322 337 352 618 692 759 954 1047 1118 1123 1371 1449 1687 2005 2010 2027 2093 2370 2552 2559 2598 2867 2894 2901 3038 3357 3500 3615 3636 3662 3665 3684 3769 3872 4069 4149 4272 4275 4300 4344 4387 4534 4645 4720 4761 4862 4888 4935 4946 4973 
7 28 179 180 201 217 294 298 490 604 698 761 934 946 1248 1296 1298 1305 1511 1691 1730 1816 1843 1936 1970 2050 2324 2780 2964 3029 3066 3069 3216 3248 3381 3414 3487 3507 3527 3672 3846 3942 3969 4256 4302 4369 4518 4755 4793 4900 
13 395 452 494 854 900 1008 1013 1302 1379 1383 1412 1531 1556 1594 1699 1771 1823 1912 1916 2107 2327 2446 2580 2782 2796 2817 2825 2840 2934 2955 3007 3087 3331 3347 3428 3612 3657 3764 3794 3834 3899 4067 4093 4415 4460 4512 4701 4745 4762 
41 181 188 359 547 605 828 931 1111 1144 1190 1191 1325 1375 1571 1701 1849 1954 1962 1963 2076 2127 2152 2224 2330 2357 2362 2647 2725 2736 2858 2870 2979 3103 3168 3268 3285 3410 3448 3482 3645 3766 4057 4179 4281 4647 4736 4802 4940 4942 
76 270 433 485 569 663 678 706 719 751 879 909 915 920 1068 1091 1176 1295 1306 1339 1989 2013 2081 2303 2465 2505 2521 2596 2681 2766 2771 2845 2991 3102 3117 3142 3395 3585 3603 3649 3698 4043 4175 4248 4563 4620 4698 4765 4939 4980 
63 182 643 892 906 925 1028 1045 1049 1126 1174 1292 1461 1554 1615 1666 1779 1791 2138 2214 2450 2702 2844 2922 2957 2974 3068 3305 3349 3354 3652 3840 3849 3887 3896 3998 4076 4204 4274 4317 4326 4358 4377 4380 4483 4490 4529 4624 4986 
268 406 468 516 521 671 842 1000 1092 1098 1141 1202 1220 1362 1422 1629 1677 1876 2179 2208 2255 2398 2622 2767 3132 3143 3264 3469 3472 3484 3594 3847 3909 3957 4073 4097 4100 4113 4131 4278 4287 4494 4589 4652 4711 4749 4799 4890 4943 
587 637 830 972 1208 1312 1394 1492 1642 1713 1786 2098 2121 2133 2159 2287 2372 2503 2529 2593 2862 2868 3230 3279 3373 3397 3418 3422 3510 3536 3627 3632 3671 3690 3753 3795 3801 3894 3934 3945 4137 4165 4259 4347 4465 4471 4655 4688 
26 382 579 709 748 924 1074 1155 1226 1336 1486 1514 1545 1562 1727 1964 2025 2153 2156 2428 2472 2474 2558 2638 2689 2724 2800 2994 3101 3112 3240 3676 3743 3870 4056 4070 4127 4140 4146 4394 4422 4463 4544 4546 4566 4800 4974 
133 254 306 367 717 757 898 952 956 1031 1140 1194 1450 1540 1636 1644 1921 1990 2146 2188 2274 2284 2549 2568 2657 2717 2799 2890 2975 3139 3178 3186 3334 3561 3605 3681 3855 3856 3971 3977 4021 4196 4545 4653 4922 4932 
27 592 654 862 992 1026 1214 1404 1482 1496 1568 1669 1678 1763 1886 2079 2117 2195 2460 2522 2723 2906 2930 3161 3179 3182 3185 3208 3213 3226 3411 3544 3562 3573 3716 3844 3852 3861 3925 4261 4315 4318 4385 4789 4838 
168 172 204 223 495 537 704 1233 1237 1367 1495 1555 1570 1641 1821 1834 1988 2128 2155 2239 2264 2492 2852 2989 2993 3025 3137 3231 3378 3420 3517 3518 3620 3866 3954 3999 4007 4250 4406 4475 4480 4583 4676 4831 4993 
193 194 215 986 1006 1085 1183 1243 1284 1365 1477 1535 1561 1625 1662 1751 1755 1875 1881 1884 2071 2629 2666 2778 2883 2903 3031 3041 3083 3195 3423 3669 3948 4044 4106 4321 4372 4458 4550 4600 4794 4798 4810 4887 
17 48 52 123 170 399 701 963 1048 1333 1431 1590 1725 1787 1802 1958 1959 2164 2289 2416 2464 2694 2698 2754 2896 2959 3206 3452 3486 3624 3702 3713 3873 4242 4258 4268 4343 4384 4497 4506 4648 4834 4912 
25 104 303 316 404 467 881 1001 1072 1135 1137 1148 1212 1224 1451 1801 1869 1981 2150 2308 2376 2418 2494 2644 2661 2773 2917 2939 3053 3135 3390 3568 3572 3600 4074 4197 4295 4481 4522 4803 4880 
68 288 344 365 420 456 715 1035 1165 1166 1300 1374 1390 1515 1671 1711 1715 1783 2073 2262 2556 2769 2850 3150 3359 3441 3565 3780 4028 4087 4138 4168 4367 4459 4489 4830 4903 4911 4948 4949 4975 
51 127 151 155 369 505 544 551 599 690 922 948 1199 1448 1452 1460 1523 1971 2406 2485 2545 2554 2562 3332 3366 3495 3575 3659 3692 3734 3757 3958 3981 4092 4468 4549 4628 4668 4778 4910 
70 197 242 340 375 444 445 451 497 781 823 1197 1457 1475 1579 1623 2174 2228 2296 2600 2761 3020 3047 3076 3355 3370 3402 3413 3516 3606 3784 3944 3980 4118 4337 4404 4407 4697 4706 4805 
129 187 250 256 317 319 330 374 435 442 489 568 574 582 767 813 852 1254 1583 1599 1604 1665 2092 2094 2181 2209 2304 2353 2478 2514 2539 2542 3070 3122 3261 3881 4008 4346 4432 4650 
137 476 626 722 733 747 1121 1244 1353 1397 1516 1527 1788 2026 2053 2110 2240 2367 2442 2630 2637 2642 2746 2749 2776 2779 2839 3307 3341 3358 3653 3699 3797 3850 3994 4322 4473 4580 4703 4733 
18 66 99 118 169 183 232 358 577 608 614 988 1109 1347 1465 1987 1995 2186 2219 2233 2260 2375 2423 2730 2956 2988 2997 3120 3403 3760 3789 3922 4012 4026 4181 4442 4619 4649 4882 
15 157 283 463 684 955 1327 1439 1559 2160 2210 2360 2483 2594 2682 2879 2965 2969 3034 3235 3303 3346 3436 3599 3626 3643 3650 3775 4157 4306 4400 4531 4640 4757 4780 4783 4907 4917 
34 121 315 341 362 561 622 859 1232 1418 1620 1781 1885 1969 1977 2041 2176 2197 2410 2752 2762 2925 3000 3009 3114 3214 3255 3353 3525 3541 3664 3723 4035 4161 4558 4744 4918 
231 513 532 738 778 878 1029 1060 1116 1150 1178 1548 1577 1622 1856 1966 2226 2229 2541 2581 2861 2898 3159 3215 3455 3461 3685 4091 4115 4176 4214 4492 4574 4597 4719 4817 4958 
200 225 465 727 914 1200 1242 1288 1369 1406 1630 1637 1688 1735 1762 2364 2621 2748 3014 3018 3049 3172 3399 3446 3711 3771 3815 3912 4085 4178 4282 4450 4602 4768 4866 4961 
246 995 999 1011 1089 1138 1231 1328 1409 1466 1618 1994 2018 2363 2543 2784 2869 2871 3003 3384 3388 3542 3556 3655 3694 3722 4022 4060 4081 4180 4430 4530 4533 4684 4825 4901 
603 990 1267 1290 1307 1392 1453 1593 1674 1924 2019 2318 2468 2572 2911 2919 2952 3187 3225 3314 3622 3936 3949 4063 4090 4205 4245 4376 4441 4449 4453 4474 4485 4515 4517 4626 
887 1131 1221 1332 1351 1400 1479 1835 2151 2161 2175 2199 2302 2411 2427 2648 2728 2790 2826 2902 3015 3057 3065 3072 3275 3548 3635 3726 4194 4207 4379 4476 4705 4717 4950 4952 
36 364 402 405 660 662 917 1366 1489 1836 1871 1931 2072 2109 2187 2307 2641 2820 2946 2973 3194 3251 3269 3443 3453 3494 3845 4006 4220 4487 4613 4878 4904 4970 4991 
50 437 478 480 697 1228 1340 1520 1656 1710 1721 1753 1766 1874 1917 1980 2172 2281 2290 2495 2672 2851 2985 3071 3197 3265 4002 4156 4160 4217 4381 4683 4815 4854 
403 417 526 1147 1195 1321 1363 1634 1640 1705 1978 2011 2070 2339 2349 2493 2571 2582 2588 2734 2742 2942 3227 3363 3483 3772 3947 4290 4391 4408 4505 4660 4786 4850 
37 214 609 652 903 1229 1247 1354 1381 1476 1616 1657 1658 1765 1880 2016 2052 2273 2299 2315 2523 2658 2674 2929 3044 3079 3557 3689 3824 3907 3955 4255 
61 92 138 142 190 252 257 296 335 794 911 1083 1105 1310 1384 1927 2205 2413 2797 2816 2872 3153 3386 3457 3727 3880 3963 4053 4312 4569 4672 4996 
192 277 304 321 379 408 466 594 598 744 826 873 970 1122 1358 1456 1549 1913 2119 2183 2369 2484 2683 2873 3391 3489 3721 4103 4219 4618 4671 4872 
414 659 732 739 850 895 1012 1014 1408 1517 1574 1617 1976 2168 2471 2560 2652 2697 2777 2905 3451 3479 3810 4054 4059 4099 4303 4466 4559 4568 4614 4920 
218 427 484 740 1042 1355 1357 1487 1505 1529 1728 1729 1789 1792 2162 2374 2389 2606 2686 2941 3509 3539 3638 3639 3642 3761 3831 3905 3924 4177 4552 
30 139 162 372 792 1051 1066 1661 1684 1696 1796 1946 2062 2095 2106 2320 2391 2425 2434 2713 2960 2966 3030 3198 3320 3345 4247 4797 4923 4987 
165 368 439 499 621 642 731 793 1280 1690 1754 1914 2397 3099 3202 3325 3424 3591 3821 3826 3937 3938 3952 3972 4325 4730 4772 4858 
72 311 320 416 554 795 937 1709 1956 2044 2237 2352 2470 3024 3152 3376 3481 3631 3647 3964 4254 4299 4753 4770 4889 4897 
126 219 541 571 649 756 769 1095 1179 1575 1859 2570 2832 3086 3176 3191 3538 3868 3892 3976 4034 4116 4625 4728 4896 4985 
421 453 487 803 1185 1485 1493 1706 1862 1928 1973 2140 3028 3110 3190 3249 3369 3526 3683 3901 4335 4410 4662 
10 410 413 447 558 675 791 796 1125 1441 1462 2247 2325 2467 2497 2750 2802 2990 3512 3763 3946 4110 
