67 125 134 186 296 336 348 501 596 605 607 695 722 755 780 811 873 928 
38 61 285 309 349 445 457 558 580 584 642 654 656 808 816 919 965 
16 37 108 148 251 337 412 423 466 468 622 637 762 767 874 899 
11 239 242 394 771 815 861 876 884 909 959 
13 62 71 248 262 272 420 659 687 923 956 
33 109 185 405 459 535 608 649 665 827 897 
54 182 217 244 360 395 495 590 757 840 973 
68 436 447 494 625 698 728 801 845 857 962 
2 283 409 559 615 632 641 754 866 946 
39 181 585 668 691 699 820 891 993 
90 136 205 256 324 476 610 912 969 
120 194 340 378 407 705 717 737 791 
169 291 311 489 503 711 716 819 939 
17 63 139 427 433 523 631 646 
26 44 173 302 372 804 843 944 
59 99 295 392 538 564 673 
84 93 408 472 573 917 986 
4 36 129 334 634 661 
34 278 431 490 839 997 
55 206 398 652 761 961 
112 146 168 222 359 670 
3 6 235 390 774 
9 177 354 422 638 
64 268 343 454 941 
75 132 150 582 933 
78 253 364 526 624 
91 293 464 525 628 
314 441 455 539 718 
49 680 932 954 
69 102 172 264 
74 403 606 764 
158 241 493 763 
240 300 719 825 
308 568 598 621 
361 521 783 908 
435 823 957 994 
7 729 902 
48 297 872 
50 548 693 
60 795 929 
199 826 942 
211 481 918 
569 854 900 
588 679 846 
70 935 
87 418 
130 273 
131 201 
149 609 
219 684 
233 381 
325 549 
346 824 
366 434 
383 527 
413 704 
477 682 
542 772 
619 770 
630 850 
647 951 
648 664 
672 911 
674 936 
752 921 
903 922 
0 
1 
5 
8 
10 
12 
14 
15 
18 
19 
20 
21 
22 
23 
24 
25 
27 
28 
29 
30 
31 
32 
35 
40 
41 
42 
43 
45 
46 
47 
51 
52 
53 
56 
57 
58 
65 
66 
72 
73 
76 
77 
79 
80 
81 
82 
83 
85 
86 
88 
89 
92 
94 
95 
96 
97 
98 
100 
101 
103 
104 
105 
106 
107 
110 
111 
113 
114 
115 
116 
117 
118 
119 
121 
122 
123 
124 
126 
127 
128 
133 
135 
137 
138 
140 
141 
142 
143 
144 
145 
147 
151 
152 
153 
154 
155 
156 
157 
159 
160 
161 
162 
163 
164 
165 
166 
167 
170 
171 
174 
175 
176 
178 
179 
180 
183 
184 
187 
188 
189 
190 
191 
192 
193 
195 
196 
197 
198 
200 
202 
203 
204 
207 
208 
209 
210 
212 
213 
214 
215 
216 
218 
220 
221 
223 
224 
225 
226 
227 
228 
229 
230 
231 
232 
234 
236 
237 
238 
243 
245 
246 
247 
249 
250 
252 
254 
255 
257 
258 
259 
260 
261 
263 
265 
266 
267 
269 
270 
271 
274 
275 
276 
277 
279 
280 
281 
282 
284 
286 
287 
288 
289 
290 
292 
294 
298 
299 
301 
303 
304 
305 
306 
307 
310 
312 
313 
315 
316 
317 
318 
319 
320 
321 
322 
323 
326 
327 
328 
329 
330 
331 
332 
333 
335 
338 
339 
341 
342 
344 
345 
347 
350 
351 
352 
353 
355 
356 
357 
358 
362 
363 
365 
367 
368 
369 
370 
371 
373 
374 
375 
376 
377 
379 
380 
382 
384 
385 
386 
387 
388 
389 
391 
393 
396 
397 
399 
400 
401 
402 
404 
406 
410 
411 
414 
415 
416 
417 
419 
421 
424 
425 
426 
428 
429 
430 
432 
437 
438 
439 
440 
442 
443 
444 
446 
448 
449 
450 
451 
452 
453 
456 
458 
460 
461 
462 
463 
465 
467 
469 
470 
471 
473 
474 
475 
478 
479 
480 
482 
483 
484 
485 
486 
487 
488 
491 
492 
496 
497 
498 
499 
500 
502 
504 
505 
506 
507 
508 
509 
510 
511 
512 
513 
514 
515 
516 
517 
518 
519 
520 
522 
524 
528 
529 
530 
531 
532 
533 
534 
536 
537 
540 
541 
543 
544 
545 
546 
547 
550 
551 
552 
553 
554 
555 
556 
557 
560 
561 
562 
563 
565 
566 
567 
570 
571 
572 
574 
575 
576 
577 
578 
579 
581 
583 
586 
587 
589 
591 
592 
593 
594 
595 
597 
599 
600 
601 
602 
603 
604 
611 
612 
613 
614 
616 
617 
618 
620 
623 
626 
627 
629 
633 
635 
636 
639 
640 
643 
644 
645 
650 
651 
653 
655 
657 
658 
660 
662 
663 
666 
667 
669 
671 
675 
676 
677 
678 
681 
683 
685 
686 
688 
689 
690 
692 
694 
696 
697 
700 
701 
702 
703 
706 
707 
708 
709 
710 
712 
713 
714 
715 
720 
721 
723 
724 
725 
726 
727 
730 
731 
732 
733 
734 
735 
736 
738 
739 
740 
741 
742 
743 
744 
745 
746 
747 
748 
749 
750 
751 
753 
756 
758 
759 
760 
765 
766 
768 
769 
773 
775 
776 
777 
778 
779 
781 
782 
784 
785 
786 
787 
788 
789 
790 
792 
793 
794 
796 
797 
798 
799 
800 
802 
803 
805 
806 
807 
809 
810 
812 
813 
814 
817 
818 
821 
822 
828 
829 
830 
831 
832 
833 
834 
835 
836 
837 
838 
841 
842 
844 
847 
848 
849 
851 
852 
853 
855 
856 
858 
859 
860 
862 
863 
864 
865 
867 
868 
869 
870 
871 
875 
877 
878 
879 
880 
881 
882 
883 
885 
886 
887 
888 
889 
890 
892 
893 
894 
895 
896 
898 
901 
904 
905 
906 
907 
910 
913 
914 
915 
916 
920 
924 
925 
926 
927 
930 
931 
934 
937 
938 
940 
943 
945 
947 
948 
949 
950 
952 
953 
955 
958 
960 
963 
964 
966 
967 
968 
970 
971 
972 
974 
975 
976 
977 
978 
979 
980 
981 
982 
983 
984 
985 
987 
988 
989 
990 
991 
992 
995 
996 
998 
999 
