13 54 63 74 139 165 189 192 276 287 290 301 306 308 364 393 394 396 411 413 419 522 535 539 550 568 579 589 595 662 668 720 722 742 755 774 783 856 896 904 918 927 933 959 983 
6 48 67 113 137 151 187 198 235 328 329 343 350 375 414 442 443 479 514 547 548 591 596 601 605 634 694 701 708 709 758 764 817 826 879 882 924 948 955 964 973 
22 125 141 145 205 211 234 273 310 473 488 494 498 512 625 652 653 654 666 667 716 730 731 741 751 753 767 769 771 784 791 840 863 864 868 903 906 911 941 990 998 
28 102 163 169 172 182 215 298 325 331 355 357 368 457 469 489 493 507 526 527 549 551 564 572 613 623 674 689 699 719 737 803 823 828 871 881 950 991 
39 46 124 155 185 190 207 210 246 284 294 319 340 360 363 408 447 538 544 631 647 683 687 705 713 723 733 735 809 810 822 829 830 862 891 932 949 951 
24 56 68 97 164 168 188 208 279 296 297 299 314 332 348 395 428 431 485 518 597 598 602 603 604 626 629 638 684 691 726 752 857 902 905 958 980 
32 66 69 95 138 159 167 202 204 213 318 324 335 338 345 347 432 483 509 546 557 565 587 645 686 739 740 802 807 811 819 825 865 883 935 938 965 
9 86 110 121 140 156 181 233 241 265 270 354 372 397 403 421 422 437 450 458 513 523 558 575 582 592 635 649 661 677 785 794 808 952 
0 51 78 84 96 147 184 212 285 291 383 402 454 456 463 560 566 586 599 624 697 702 746 827 837 846 855 861 875 944 971 974 
11 87 90 114 193 225 260 261 263 322 333 356 401 430 468 477 503 545 628 640 650 657 679 693 732 860 886 895 943 970 987 989 
16 49 52 112 115 118 136 154 191 242 252 258 280 305 386 404 410 412 490 555 619 671 678 777 792 799 816 884 926 931 
65 82 98 122 130 133 153 288 336 342 459 466 502 541 567 594 632 633 655 756 782 788 797 843 866 873 917 972 977 986 
174 214 307 365 427 448 449 451 460 462 486 530 616 700 706 736 835 844 858 869 876 901 909 929 953 963 981 992 993 
2 7 44 45 76 271 295 304 317 379 382 392 418 420 504 515 554 585 670 763 789 790 818 834 893 962 
30 132 194 197 247 303 323 362 377 481 501 510 536 593 621 685 704 712 718 805 848 867 877 920 934 960 
4 10 36 88 131 144 150 195 232 236 351 367 405 415 496 584 615 642 778 787 842 872 897 912 968 
8 283 339 380 440 480 528 556 570 583 607 648 660 672 738 800 832 915 928 947 961 979 997 
1 25 33 99 116 117 170 201 243 249 313 370 374 532 639 680 748 768 780 880 899 910 
38 62 104 157 162 178 223 229 256 359 361 385 416 417 487 533 664 759 772 833 
77 80 83 103 166 224 334 341 390 516 574 608 610 611 760 781 853 913 994 
81 92 143 200 238 264 269 311 346 371 378 453 580 656 750 838 870 919 
72 73 79 94 107 120 183 253 278 391 465 506 630 710 770 849 923 
31 40 61 109 135 146 267 389 491 525 681 698 703 724 793 936 
47 58 176 177 424 438 472 531 534 553 559 588 812 851 946 969 
3 320 376 439 452 455 573 618 636 659 715 852 887 966 995 
20 26 29 244 292 302 316 425 429 600 663 795 850 922 937 
60 148 262 268 274 275 286 576 641 676 743 806 888 942 988 
17 108 119 251 254 384 446 646 675 820 836 885 957 
5 34 41 59 186 237 300 445 511 529 682 786 
18 70 126 128 257 277 519 540 581 612 643 658 
75 129 220 222 349 497 537 590 617 690 798 845 
15 21 42 199 426 563 688 695 754 824 956 
53 171 173 196 245 433 444 562 729 814 954 
142 240 266 406 407 495 776 801 804 978 996 
50 321 344 434 578 673 831 945 
387 441 717 859 975 999 
64 250 476 492 569 
309 482 622 773 908 
19 149 637 744 
37 43 231 762 
57 366 505 520 
289 358 464 907 
93 228 841 
123 373 435 
230 749 939 
282 765 779 
388 399 552 
27 436 
105 916 
152 925 
206 813 
259 400 
293 312 
398 815 
521 644 
796 985 
12 
14 
23 
35 
55 
71 
85 
89 
91 
100 
101 
106 
111 
127 
134 
158 
160 
161 
175 
179 
180 
203 
209 
216 
217 
218 
219 
221 
226 
227 
239 
248 
255 
272 
281 
315 
326 
327 
330 
337 
352 
353 
369 
381 
409 
423 
461 
467 
470 
471 
474 
475 
478 
484 
499 
500 
508 
517 
524 
542 
543 
561 
571 
577 
606 
609 
614 
620 
627 
651 
665 
669 
692 
696 
707 
711 
714 
721 
725 
727 
728 
734 
745 
747 
757 
761 
766 
775 
821 
839 
847 
854 
874 
878 
889 
890 
892 
894 
898 
900 
914 
921 
930 
940 
967 
976 
982 
984 
