2 7 13 15 531 19 21 539 542 544 32 546 548 551 44 45 62 574 73 589 78 120 638 640 644 646 660 663 664 161 167 176 179 183 702 703 197 720 722 755 249 763 255 267 780 268 269 279 290 805 296 298 304 307 319 851 854 345 355 882 890 893 381 383 898 386 899 903 392 917 406 924 417 930 929 429 944 443 957 446 969 971 467 981 999 
896 384 130 387 260 389 771 645 642 9 138 516 524 397 270 398 911 785 535 281 282 411 283 668 794 795 673 418 291 932 37 293 679 42 811 939 173 175 689 313 700 575 451 581 454 71 75 207 721 213 727 222 478 230 744 105 362 363 492 749 498 371 627 116 119 504 634 
514 901 136 523 395 779 142 910 657 403 793 665 416 35 677 806 935 680 425 556 685 815 816 310 440 825 317 318 192 962 68 965 966 328 201 205 333 336 339 342 985 476 477 93 862 739 740 996 103 880 502 
8 653 145 529 661 662 151 153 926 799 672 549 807 936 683 684 433 692 566 55 312 188 829 831 320 576 963 580 711 329 335 976 977 83 983 728 474 604 605 997 617 747 236 369 373 632 889 
904 909 143 24 923 43 555 943 688 306 51 567 56 953 698 67 196 585 459 331 592 978 338 595 596 726 340 597 473 88 220 479 226 616 619 109 752 628 501 887 505 762 635 894 
258 674 163 165 678 421 168 938 812 430 174 687 435 563 821 824 569 314 444 448 961 324 453 460 461 848 81 211 219 603 349 990 347 737 98 482 228 485 613 488 873 500 374 
385 769 518 391 264 140 527 405 22 407 164 299 701 189 833 705 835 198 840 200 458 465 466 217 857 731 730 861 989 865 481 741 998 486 615 491 751 753 118 631 508 767 
259 158 800 33 294 808 427 48 178 436 693 950 309 826 571 830 66 322 323 708 334 590 591 208 470 598 215 472 218 91 224 225 868 357 876 879 624 244 248 764 
902 12 278 287 928 676 39 41 809 810 46 945 947 820 181 694 311 954 827 828 191 195 707 199 713 843 723 468 344 859 351 735 354 621 497 888 376 507 637 
0 388 647 141 931 300 434 956 579 452 836 837 69 457 970 76 204 846 975 82 852 84 982 855 858 94 863 484 614 871 872 746 875 243 372 122 
256 772 774 390 649 659 149 408 922 155 669 545 561 59 710 72 203 716 847 79 729 89 92 227 867 361 620 750 367 242 499 114 633 636 382 895 
131 891 776 521 394 11 650 652 656 400 934 941 54 570 194 85 469 87 600 986 732 348 988 223 96 487 489 618 110 112 883 117 251 892 254 
14 670 547 50 949 822 823 568 442 958 960 706 834 838 588 844 972 206 210 979 212 471 991 736 608 480 866 356 993 757 246 
906 16 148 152 280 410 541 798 797 413 802 292 933 172 686 177 52 441 450 839 593 992 610 483 494 111 113 241 881 758 506 
129 3 900 517 6 137 266 271 399 530 409 26 925 817 308 715 717 853 734 97 609 102 745 365 878 370 884 245 886 630 
128 641 135 519 654 766 533 920 538 412 543 289 803 422 295 184 327 95 738 870 622 495 368 623 115 756 375 252 509 510 
286 813 305 185 955 445 704 967 584 712 74 718 849 984 346 475 864 353 104 108 625 761 503 121 250 379 
513 4 261 520 10 144 401 30 927 36 186 315 577 964 842 343 221 606 869 358 232 364 239 885 123 
512 768 511 25 439 64 583 714 587 594 987 860 733 612 360 748 877 366 238 629 253 127 
147 916 937 431 948 57 187 190 447 582 332 973 462 974 980 601 602 994 995 99 107 760 
775 522 781 276 150 415 675 38 423 681 297 302 214 216 247 607 352 100 759 378 
133 773 139 273 402 532 404 534 156 419 804 301 691 951 696 573 65 209 850 
770 777 272 784 275 787 919 552 814 559 562 699 832 449 193 456 101 231 377 
578 550 166 233 586 905 536 428 463 337 754 818 180 23 792 572 285 414 
611 132 968 553 874 396 493 60 49 913 915 277 790 380 316 540 959 
743 490 940 845 942 526 655 557 626 819 20 946 558 240 856 29 
160 159 162 709 40 841 202 554 237 783 912 789 695 666 28 31 
321 420 455 169 171 303 528 47 690 560 788 791 952 921 58 667 
257 643 648 424 170 235 80 432 496 464 564 565 918 125 126 
288 34 229 5 134 325 234 908 525 786 914 341 725 157 
801 515 326 262 263 651 77 782 719 17 86 599 671 
1 897 359 682 106 426 724 53 438 697 796 639 
154 393 265 907 124 274 18 658 437 537 90 284 
70 742 330 778 146 61 182 27 765 350 63 
