68 93 103 192 201 205 310 317 318 328 333 336 339 395 403 416 425 477 502 556 677 680 685 739 740 779 806 816 825 862 880 901 935 962 965 966 985 996 
12 39 41 46 181 191 195 199 278 287 311 344 351 354 376 468 497 507 621 637 676 694 723 735 809 810 820 827 828 843 859 888 902 928 945 947 954 
11 54 85 87 96 110 112 117 131 194 223 251 254 348 394 400 469 487 489 521 570 600 618 650 652 656 732 776 883 891 892 934 941 986 988 
59 72 79 89 92 114 149 155 203 227 242 256 361 367 382 390 408 499 545 561 633 636 649 659 669 710 716 729 750 772 774 847 867 895 
81 163 165 168 174 211 219 228 258 314 324 347 349 421 430 435 444 453 460 461 488 500 563 569 674 687 737 812 821 824 848 938 961 990 
9 42 75 173 207 222 230 260 270 283 291 293 362 363 387 389 398 418 454 478 498 575 627 645 673 689 744 771 811 911 932 
33 48 91 178 208 218 225 244 248 259 294 309 334 427 436 472 571 590 591 598 693 708 764 800 808 826 830 868 876 879 950 
14 50 206 210 212 246 356 442 480 547 568 588 608 670 706 736 757 822 823 834 838 844 866 949 958 960 972 979 991 993 
0 69 82 84 94 122 141 204 243 300 388 452 457 484 579 614 647 746 836 837 846 852 855 858 872 931 975 982 
3 6 26 97 102 129 137 245 266 271 308 365 370 399 409 517 530 609 630 715 717 734 745 853 878 884 886 900 
16 52 111 113 148 152 172 177 241 280 292 410 413 441 450 483 494 506 541 593 686 797 798 802 881 906 933 992 
24 43 56 67 109 196 226 306 331 338 459 473 479 505 567 592 596 616 619 628 635 688 726 762 909 923 943 953 
95 115 128 135 184 252 289 295 368 375 412 422 495 509 510 519 533 538 543 622 623 641 654 738 756 766 803 920 
13 62 73 176 267 268 269 279 290 296 304 307 345 548 574 646 664 720 755 854 893 903 924 929 930 971 981 
22 118 164 198 200 217 264 299 391 405 407 458 465 486 508 518 527 615 631 705 730 769 833 835 840 857 861 
2 7 44 45 120 167 179 319 386 392 417 429 542 544 546 551 638 640 663 702 763 890 898 
25 64 127 238 253 360 366 439 511 512 583 587 594 612 629 714 733 748 768 860 877 987 
4 10 30 36 123 144 186 232 239 261 315 343 364 401 513 520 606 842 869 927 964 
8 55 151 236 320 335 369 373 433 529 549 566 580 604 617 653 661 831 889 926 977 
38 100 150 214 216 247 276 297 302 352 378 415 423 522 607 675 681 759 775 781 
74 121 185 346 353 445 475 503 625 704 712 718 761 813 849 864 967 984 
20 29 240 490 526 557 558 626 655 743 819 845 856 940 942 946 
101 193 272 275 377 449 552 559 562 699 777 784 787 814 832 919 
28 31 40 159 160 162 202 554 666 695 709 783 789 841 912 
47 58 169 171 303 321 420 455 528 560 667 788 791 921 952 
71 116 138 384 397 451 504 516 524 642 679 700 749 795 939 
5 34 134 157 229 234 288 325 341 525 725 786 908 914 
17 77 86 262 326 515 599 651 671 719 782 801 
1 53 359 426 438 639 682 697 724 796 897 
49 60 132 277 316 380 493 913 915 959 968 
23 166 233 414 550 586 754 792 818 
27 61 70 146 350 765 778 
65 209 301 532 691 773 804 
78 298 406 446 539 805 917 
125 235 432 564 565 918 
35 142 657 910 
37 130 282 581 
133 156 850 951 
136 476 523 793 
83 329 997 
88 143 894 
273 404 534 
284 393 437 
340 501 752 
431 582 601 
701 753 865 
18 537 
32 467 
147 447 
187 190 
197 249 
337 905 
434 956 
665 815 
937 973 
15 
19 
21 
51 
57 
63 
66 
76 
80 
90 
98 
99 
104 
105 
106 
107 
108 
119 
124 
126 
139 
140 
145 
153 
154 
158 
161 
170 
175 
180 
182 
183 
188 
189 
213 
215 
220 
221 
224 
231 
237 
250 
255 
257 
263 
265 
274 
281 
285 
286 
305 
312 
313 
322 
323 
327 
330 
332 
342 
355 
357 
358 
371 
372 
374 
379 
381 
383 
385 
396 
402 
411 
419 
424 
428 
440 
443 
448 
456 
462 
463 
464 
466 
470 
471 
474 
481 
482 
485 
491 
492 
496 
514 
531 
535 
536 
540 
553 
555 
572 
573 
576 
577 
578 
584 
585 
589 
595 
597 
602 
603 
605 
610 
611 
613 
620 
624 
632 
634 
643 
644 
648 
658 
660 
662 
668 
672 
678 
683 
684 
690 
692 
696 
698 
703 
707 
711 
713 
721 
722 
727 
728 
731 
741 
742 
747 
751 
758 
760 
767 
770 
780 
785 
790 
794 
799 
807 
817 
829 
839 
851 
863 
870 
871 
873 
874 
875 
882 
885 
887 
896 
899 
904 
907 
916 
922 
925 
936 
944 
948 
955 
957 
963 
969 
970 
974 
976 
978 
980 
983 
989 
994 
995 
998 
999 
