2 3 7 9 10 11 12 13 14 20 24 26 29 31 33 39 41 42 45 46 52 61 65 66 74 75 79 81 85 89 91 92 93 95 97 102 104 107 108 109 114 116 118 119 120 124 128 129 130 135 136 138 140 142 144 145 146 147 148 152 155 159 160 161 163 164 168 173 176 178 179 182 184 185 189 198 199 200 207 208 210 212 214 215 217 218 219 221 222 224 225 230 240 241 244 245 246 247 256 259 264 266 267 270 272 281 282 286 291 294 295 303 308 309 310 313 314 315 317 319 320 322 323 327 332 333 334 336 344 345 347 350 352 356 357 362 363 364 365 367 368 369 370 373 376 378 384 385 387 389 390 391 392 393 399 401 405 411 415 416 427 429 435 436 440 442 446 453 456 458 460 461 466 468 470 471 472 474 475 477 482 486 488 490 491 494 495 499 501 504 506 508 516 517 520 522 523 524 526 530 532 542 543 545 546 547 554 556 557 558 560 561 563 566 568 569 570 571 572 574 575 580 584 588 590 591 600 605 607 608 609 613 616 621 622 624 626 632 633 634 635 636 638 641 642 645 646 653 655 658 659 663 668 669 670 673 674 678 681 688 689 690 692 693 698 700 701 702 706 708 713 715 716 718 720 726 727 730 733 734 735 737 739 741 742 743 745 747 749 753 763 764 772 779 788 791 794 795 798 803 804 808 810 812 815 816 817 819 824 830 832 833 834 835 838 843 844 845 849 853 856 861 862 866 867 868 869 876 878 879 882 884 889 893 901 906 910 911 920 922 924 926 929 932 936 939 940 942 948 950 953 955 956 958 960 961 963 965 966 967 971 972 976 979 981 989 991 992 995 996 997 
512 513 515 4 519 8 17 18 19 529 531 22 23 534 535 537 27 28 540 30 36 548 550 40 559 49 564 565 55 56 57 573 62 64 577 578 70 583 586 587 76 77 589 80 83 84 86 87 599 601 602 603 604 606 611 612 101 105 617 117 629 631 123 125 637 127 643 644 133 648 139 151 664 153 154 666 156 671 162 675 676 677 166 679 170 175 687 691 181 694 695 696 187 188 190 191 193 194 707 196 197 709 711 201 202 714 204 205 206 728 731 220 732 232 233 744 235 236 237 751 243 755 758 760 251 253 254 255 765 257 767 769 773 262 263 774 265 776 268 783 785 274 787 789 279 280 792 289 290 807 301 307 820 822 312 827 828 829 831 326 839 840 841 330 842 335 848 850 339 851 854 343 857 346 348 863 353 354 865 358 360 872 873 877 366 880 885 374 886 887 888 890 379 896 907 397 400 912 915 404 916 406 407 918 412 414 927 928 419 423 424 432 433 437 949 439 954 443 444 449 451 964 969 974 463 464 465 977 980 983 984 987 988 478 990 480 481 993 994 484 999 493 497 498 503 505 507 510 511 
0 1 514 525 16 528 21 533 536 538 541 544 35 38 553 43 44 555 47 51 53 567 58 59 60 576 67 68 69 579 71 72 592 593 82 596 597 88 90 94 96 98 610 100 103 615 106 618 620 110 111 623 625 115 628 121 122 639 132 134 647 649 651 141 657 660 150 662 665 667 157 167 680 169 682 171 172 686 177 697 699 703 704 710 712 203 719 721 724 725 216 729 223 226 227 228 229 740 231 746 748 238 750 242 754 756 757 759 250 762 252 766 770 775 777 782 784 275 276 277 790 793 283 284 285 796 801 292 805 806 297 298 300 813 302 814 304 305 306 321 836 325 837 328 331 847 338 340 852 342 855 858 859 349 355 870 871 361 874 875 881 883 372 380 382 894 895 897 386 898 388 905 396 908 909 913 914 919 921 410 417 930 931 420 933 934 426 431 944 946 438 951 952 441 445 957 959 448 452 455 968 970 462 975 978 467 469 982 473 985 986 483 487 489 500 502 509 
6 518 521 527 25 539 37 549 551 48 50 54 73 78 594 595 598 614 619 112 113 630 640 131 137 650 652 654 143 656 149 661 158 672 165 683 684 685 174 183 192 705 195 717 722 211 723 736 752 768 258 771 260 261 780 269 781 271 278 797 287 799 800 802 293 296 809 299 811 821 311 823 825 826 318 324 329 846 351 864 891 892 899 900 902 903 904 394 395 403 917 408 409 923 413 418 421 422 935 938 941 430 943 945 434 947 450 962 457 459 479 485 998 
34 738 5 359 239 209 273 337 402 341 786 375 248 761 186 316 925 383 
288 99 581 454 860 552 425 234 492 398 496 562 371 627 213 476 126 
32 778 428 818 180 63 
937 973 447 
585 15 
249 
377 
381 
582 
