1 11 15 21 25 32 33 34 42 47 58 66 69 87 90 95 99 114 116 117 138 159 167 170 176 177 193 199 201 202 204 213 221 225 227 237 243 249 260 261 263 313 318 322 324 333 335 338 345 347 356 370 374 401 424 426 430 432 438 461 468 472 477 483 503 509 531 532 534 545 546 553 557 559 563 565 587 588 609 628 639 640 645 650 657 665 679 680 686 688 693 695 732 739 740 748 754 768 780 802 807 811 812 819 824 825 845 847 851 860 865 880 883 886 894 895 898 899 910 935 938 940 943 946 956 965 969 970 987 989 
3 17 28 60 102 119 127 148 163 169 172 175 182 215 216 218 239 248 255 262 268 274 275 281 286 298 320 325 327 330 331 349 355 357 368 376 381 384 387 388 399 439 441 446 452 455 457 469 489 493 507 526 527 549 551 564 571 572 573 576 590 613 618 623 636 641 646 659 674 675 676 689 696 699 711 715 717 719 734 737 743 745 796 803 806 823 828 836 852 859 871 881 887 888 889 925 942 950 957 966 975 988 991 995 999 
22 23 125 141 145 152 174 205 211 214 217 222 234 273 307 310 315 365 427 448 449 451 460 462 473 474 486 488 494 498 512 530 616 625 652 653 654 666 667 700 706 716 730 731 736 741 751 753 757 767 769 771 784 791 835 840 844 858 863 864 868 869 876 901 903 906 909 911 929 941 953 963 981 990 992 993 998 
4 10 14 27 31 36 40 61 64 71 88 105 109 131 135 144 146 150 195 203 206 226 232 236 259 267 289 326 351 358 367 389 398 400 405 415 436 464 476 491 492 496 525 537 569 584 615 617 620 642 681 698 703 724 761 765 778 779 787 793 813 815 842 872 897 907 912 914 916 936 968 
13 54 63 74 134 139 142 160 161 165 189 192 209 240 266 276 287 290 293 301 306 308 312 364 369 393 394 396 406 411 413 419 495 500 522 535 539 550 568 579 589 595 651 662 668 707 720 722 742 755 774 776 783 801 804 820 854 856 878 896 904 918 927 933 959 978 983 985 996 
9 19 20 26 29 55 86 101 110 121 140 149 156 158 180 181 219 233 241 244 265 270 292 302 316 354 372 397 403 421 422 423 425 429 437 450 458 478 499 513 521 523 524 543 558 575 582 592 635 637 644 649 661 663 677 725 727 744 785 794 795 808 900 922 937 952 
12 39 46 57 93 123 124 155 185 190 207 210 228 230 246 272 284 294 309 319 337 340 352 360 363 366 373 407 408 435 447 475 482 484 505 517 520 538 544 622 631 647 683 687 705 713 723 733 735 749 773 809 810 822 829 830 862 891 908 921 930 932 939 949 951 
16 49 52 77 80 83 103 108 111 112 115 118 136 154 166 191 224 242 251 252 254 258 280 305 334 341 386 390 404 410 412 467 470 490 516 555 574 608 610 611 619 671 678 760 777 781 792 799 816 853 884 885 913 926 931 982 994 
6 18 48 67 70 113 126 128 137 151 187 198 235 250 257 277 328 329 343 350 375 414 442 443 479 514 519 540 547 548 581 591 596 601 605 612 634 643 658 694 701 708 709 758 764 817 826 879 882 924 948 955 964 973 984 
8 50 85 179 283 321 339 344 380 409 434 440 480 528 542 556 570 578 583 607 614 627 648 660 672 673 692 714 721 728 738 747 775 800 821 831 832 839 892 915 928 945 947 961 967 976 979 997 
24 37 43 56 68 91 97 164 168 188 208 231 279 296 297 299 314 332 348 395 428 431 485 508 518 597 598 602 603 604 626 629 638 684 691 726 752 762 766 857 890 902 905 958 980 
41 59 72 73 79 81 92 94 107 120 143 183 186 200 238 253 264 269 278 300 311 346 353 371 378 391 445 453 465 506 529 580 630 656 710 750 770 786 838 849 870 919 923 
2 7 44 45 53 76 106 171 173 196 245 271 295 304 317 379 382 392 418 420 433 444 504 515 554 562 577 585 600 670 729 763 789 790 814 818 834 850 893 954 962 
5 35 65 75 82 98 122 129 130 133 153 220 288 336 342 459 466 502 511 541 552 567 594 632 633 655 669 682 690 756 782 788 797 798 843 866 873 917 972 977 986 
0 51 78 84 89 96 100 147 184 212 285 291 383 402 454 456 463 471 497 560 566 586 599 606 624 697 702 746 827 837 841 846 855 861 874 875 944 971 974 
30 132 194 197 247 282 303 323 362 377 481 501 510 536 561 593 621 685 704 712 718 805 848 867 877 920 934 960 
38 62 104 157 162 178 223 229 256 359 361 385 416 417 487 533 664 759 772 833 
