1 516 9 522 12 526 531 21 25 537 541 31 40 41 554 561 562 53 55 59 60 62 63 574 580 582 584 587 589 79 591 82 83 85 87 602 91 95 609 98 105 620 624 113 626 115 627 117 633 123 128 129 642 132 133 647 136 648 148 660 665 666 669 160 675 171 175 176 689 696 187 701 193 706 199 712 714 207 208 210 212 221 733 229 231 234 236 237 748 755 244 253 256 768 259 263 776 265 779 783 275 794 795 285 288 290 805 298 812 813 309 310 822 318 831 832 840 845 853 342 854 344 345 346 863 866 355 873 877 372 373 886 375 376 887 378 889 384 896 898 387 388 391 393 906 395 397 911 913 404 921 926 415 416 929 932 934 423 424 936 939 940 435 953 954 956 959 450 453 965 966 466 988 477 478 480 482 494 496 502 508 
514 523 13 14 15 17 529 19 20 532 22 533 536 26 32 33 34 544 36 547 45 557 560 49 564 565 566 57 570 576 66 69 583 72 590 81 593 88 89 96 610 611 617 618 108 109 111 625 114 628 118 121 634 638 649 653 145 146 658 151 668 161 677 680 681 688 179 188 702 703 704 201 204 724 726 216 729 219 731 223 225 738 740 232 241 754 756 250 251 773 266 778 780 272 273 786 787 281 286 289 806 297 814 305 819 312 827 319 321 834 323 838 327 331 332 339 858 859 860 349 354 867 871 360 361 362 363 364 367 880 369 374 890 892 381 382 893 897 899 394 907 406 409 417 418 420 937 434 951 440 441 444 957 448 449 963 964 454 456 968 969 462 975 981 983 472 985 986 992 993 994 995 489 498 511 
0 4 11 525 18 535 24 28 35 38 550 556 46 47 558 51 52 575 64 65 581 71 586 80 592 599 600 92 606 100 103 104 621 622 629 119 631 643 644 659 154 156 163 164 678 691 180 694 695 184 699 700 705 196 709 198 710 202 716 718 720 209 721 213 214 728 217 220 228 230 742 238 750 240 753 242 245 760 761 252 765 255 257 770 270 790 282 798 801 291 803 295 302 815 304 317 829 830 833 835 836 328 842 333 849 338 341 857 347 861 352 870 874 371 377 383 901 908 909 402 917 407 411 930 419 931 425 426 427 429 431 433 946 948 949 451 455 971 460 461 974 464 465 977 980 470 990 991 481 487 999 499 500 501 509 
513 3 16 530 29 542 546 552 553 563 568 571 61 67 68 579 70 585 601 90 604 93 605 607 97 613 623 120 632 635 124 636 126 637 645 134 135 138 141 144 657 662 153 155 157 159 671 676 167 170 172 178 690 181 182 693 697 189 190 200 203 205 727 730 732 222 734 224 736 226 737 745 235 747 757 246 764 767 774 781 782 274 277 280 283 796 807 300 301 303 817 306 308 820 314 316 322 326 334 848 852 348 862 353 357 365 368 884 379 894 389 392 918 942 945 436 437 438 443 445 446 960 961 452 967 458 463 978 467 468 469 471 473 475 989 484 996 488 490 493 495 497 503 
517 6 7 518 521 10 527 528 534 538 539 543 545 37 549 551 555 44 48 50 54 73 78 594 595 598 99 614 619 112 630 122 640 130 131 137 650 651 652 142 143 654 656 147 149 150 661 667 158 670 672 162 165 166 683 684 685 174 686 185 192 717 722 211 723 215 218 751 752 243 258 771 260 261 775 264 269 271 784 276 278 797 287 799 800 802 293 296 808 809 299 810 811 821 311 823 825 826 320 324 329 846 851 855 351 864 356 876 891 385 900 902 903 904 905 401 403 408 923 924 413 925 927 421 422 935 938 941 430 943 947 962 457 459 972 976 979 474 479 485 998 510 
2 519 8 520 524 23 30 548 39 43 559 58 76 588 596 603 94 612 101 102 615 107 110 116 639 641 646 139 655 663 152 664 673 674 679 682 173 687 177 692 183 186 698 191 707 711 715 725 227 739 741 233 746 749 247 769 777 267 268 785 788 789 284 292 804 313 315 325 837 839 330 335 337 850 343 856 868 869 359 875 878 881 882 885 380 386 396 398 399 915 916 405 919 920 410 922 412 414 928 432 952 442 970 973 476 483 997 491 492 505 507 
512 912 279 793 540 168 944 307 573 577 194 195 713 843 77 206 847 84 984 865 358 744 872 370 888 249 762 763 254 895 
578 515 197 955 74 75 844 910 239 816 883 567 792 27 125 
5 390 486 169 42 336 958 759 248 569 828 766 127 
708 294 262 743 140 719 879 824 914 982 791 56 572 
616 428 366 340 86 439 758 950 350 
608 447 841 818 597 506 735 
772 933 106 400 504 987 
