0 512 2 4 517 9 10 11 522 526 530 531 21 23 24 535 536 540 541 30 31 34 41 554 556 55 568 571 574 576 577 580 581 587 77 589 593 84 85 596 599 88 602 91 603 93 604 607 608 97 611 104 106 107 622 111 624 113 625 115 117 118 635 125 126 127 128 129 639 641 132 642 643 135 136 657 659 148 153 154 155 666 159 160 675 676 678 167 168 682 171 173 691 695 700 701 705 194 195 713 204 205 206 208 720 212 724 214 728 729 221 735 224 738 227 228 739 231 234 746 748 238 240 753 242 244 248 762 252 254 768 259 772 777 266 268 780 783 786 275 787 794 795 285 286 798 801 803 806 300 303 818 307 308 819 822 313 827 829 833 835 326 838 839 841 843 848 337 849 342 343 344 346 862 863 865 866 358 870 872 875 368 881 370 374 888 377 378 893 895 896 897 387 899 901 395 397 399 400 913 402 915 404 917 921 922 412 415 932 933 934 423 936 425 426 429 944 946 948 949 440 957 450 451 965 456 968 458 970 460 461 462 464 984 987 487 999 496 501 504 505 507 508 
515 516 5 519 8 523 12 17 20 537 28 29 33 35 40 553 45 558 559 561 562 51 52 53 567 573 62 575 578 579 583 584 74 75 586 588 590 80 81 592 83 597 600 92 606 95 96 609 101 616 620 623 629 631 632 121 123 664 665 669 674 677 169 170 175 687 690 692 183 696 186 187 698 699 706 197 198 199 200 201 202 714 715 718 209 721 216 217 220 741 744 747 237 749 755 245 759 760 251 764 253 257 263 267 277 279 792 284 295 298 813 302 816 817 317 318 831 832 836 837 327 328 844 333 845 336 338 853 854 856 345 355 880 883 886 376 889 379 388 396 398 910 911 912 405 410 411 416 929 419 424 427 940 432 433 435 951 953 954 955 956 959 960 966 455 967 971 465 977 980 470 471 473 478 992 481 994 484 997 499 500 506 509 
6 7 518 521 527 528 534 538 539 543 545 37 549 551 555 44 48 50 54 73 78 594 595 598 94 614 619 112 630 122 640 130 131 137 650 651 652 142 143 654 656 147 149 150 661 667 158 670 672 162 165 166 683 684 685 174 686 185 192 717 722 211 723 215 218 751 752 243 258 771 260 261 775 264 269 271 784 278 797 287 799 800 802 293 296 808 809 299 810 811 821 311 823 825 826 320 324 329 330 846 335 855 351 864 356 876 878 891 385 900 902 903 904 905 401 403 408 923 924 413 414 925 927 421 422 935 938 941 430 943 947 952 958 962 457 459 972 974 976 979 474 479 483 485 998 510 
14 529 19 547 557 565 566 79 87 605 98 105 617 109 114 628 638 647 648 146 668 157 161 680 182 196 210 213 725 727 219 731 236 239 765 770 774 776 265 779 276 288 807 812 814 306 341 858 859 349 364 367 372 884 890 382 384 898 391 393 906 926 441 443 447 449 454 463 466 469 472 985 986 477 480 995 502 511 
1 386 769 644 133 646 520 892 138 782 16 274 788 916 918 663 920 25 671 673 290 931 548 805 38 39 43 176 945 179 309 59 60 830 191 63 193 961 582 71 711 585 840 203 76 973 591 978 467 247 732 733 988 353 737 503 867 102 359 488 615 490 491 873 110 497 626 627 246 119 633 380 637 383 
256 3 645 781 273 533 406 409 36 679 172 688 434 820 438 312 57 314 316 190 319 448 702 66 322 323 69 452 453 704 709 712 331 964 969 334 975 82 468 981 726 601 90 475 730 734 223 736 993 99 357 613 361 874 363 877 495 498 754 756 373 634 250 124 
773 649 394 778 13 653 272 145 658 151 281 544 289 417 546 297 681 937 564 570 188 189 321 834 72 332 339 983 89 225 354 610 740 742 871 360 362 618 241 369 
514 907 525 144 532 660 22 662 789 793 26 32 418 420 552 939 560 49 444 61 703 710 847 982 860 989 990 482 103 489 235 375 761 763 636 
262 140 141 524 655 785 914 407 280 791 919 796 928 292 294 301 942 815 177 56 824 315 67 707 708 70 612 743 233 492 365 879 757 894 767 
513 134 15 282 930 291 46 305 178 689 436 181 437 693 694 697 58 446 65 851 222 991 100 745 493 887 381 
18 164 550 47 563 180 310 184 64 716 207 850 347 476 861 868 869 230 621 882 371 116 885 255 
389 139 908 909 270 790 152 283 163 804 431 304 442 445 325 842 852 857 348 352 996 750 120 
390 392 27 42 428 950 439 569 572 828 68 340 86 350 226 486 232 108 366 494 758 766 
156 542 
229 
249 
719 
963 
