3 8 23 50 85 93 100 101 106 152 179 180 226 228 281 283 320 321 327 337 339 344 376 380 381 387 409 434 439 440 441 452 455 475 480 528 542 556 561 570 573 578 583 607 614 618 620 627 636 648 659 660 665 672 673 692 696 711 714 715 717 721 728 734 738 745 747 766 775 800 821 831 832 839 841 852 859 887 892 914 915 921 925 928 930 945 947 961 966 967 975 976 979 995 997 999 
15 18 20 21 26 29 32 42 47 58 66 69 70 95 126 128 138 159 167 176 177 199 202 204 213 227 244 257 277 292 302 316 318 324 335 338 345 347 369 423 424 425 426 429 432 438 472 483 509 519 531 534 540 546 553 557 559 563 565 581 587 588 600 612 643 645 658 663 686 688 695 739 740 754 795 802 807 811 812 819 824 825 850 851 865 883 922 935 937 938 946 956 965 969 
16 17 38 49 52 62 77 80 83 103 104 108 111 112 115 118 119 136 154 157 162 166 178 191 223 224 229 242 251 252 254 256 258 280 305 334 341 359 361 384 385 386 390 404 410 412 416 417 446 467 470 487 490 516 533 555 574 608 610 611 619 646 664 671 675 678 759 760 772 777 781 792 799 816 820 833 836 853 884 885 913 926 931 957 982 984 994 
4 10 28 36 88 102 127 131 134 144 150 160 163 169 172 182 195 215 216 218 232 236 239 272 298 315 325 330 331 351 355 357 367 368 388 399 405 415 457 469 489 493 496 507 526 527 549 551 552 564 571 572 577 584 613 615 623 642 651 669 674 689 699 719 725 737 778 787 796 803 823 828 842 871 872 881 897 898 912 950 968 985 991 
1 5 11 25 27 33 34 35 41 59 64 71 87 90 99 114 116 117 170 186 193 201 221 225 237 243 249 250 260 261 263 300 313 322 333 356 370 374 401 430 436 461 468 476 477 492 503 511 529 532 545 569 609 628 639 640 650 657 679 680 682 693 707 732 748 761 768 780 786 847 860 880 886 894 895 899 910 940 943 970 987 989 
0 14 30 51 78 84 89 96 105 132 147 184 194 197 203 206 212 247 259 282 285 289 291 303 323 326 358 362 377 383 398 400 402 454 456 463 464 471 481 501 510 536 560 566 586 593 599 606 621 624 685 697 702 704 712 718 746 765 779 805 813 815 827 837 846 848 855 861 867 874 875 877 907 916 920 934 944 960 971 974 
2 6 7 44 45 48 53 67 76 113 137 151 171 173 187 196 198 235 245 271 295 304 317 328 329 343 350 375 379 382 392 414 418 420 433 442 443 444 479 504 514 515 547 548 554 562 585 591 596 601 605 634 670 694 701 708 709 729 758 763 764 789 790 814 817 818 826 834 879 882 893 924 948 954 955 962 964 973 
39 46 72 73 79 81 92 94 107 120 124 143 155 183 185 190 200 207 210 238 246 253 264 269 278 284 294 311 319 340 346 352 353 360 363 371 378 391 408 447 453 465 506 538 544 580 630 631 647 656 683 687 705 710 713 723 733 735 750 770 809 810 822 829 830 838 849 862 870 891 919 923 932 949 951 
22 60 75 125 129 141 145 148 175 205 211 220 222 234 248 255 262 268 273 274 275 286 310 349 473 474 488 494 497 498 512 537 576 590 617 625 641 652 653 654 666 667 676 690 716 730 731 741 743 751 753 767 769 771 784 791 798 806 840 845 863 864 868 888 889 903 906 911 941 942 988 990 998 
9 12 19 55 86 110 121 140 142 149 156 158 161 181 209 219 233 240 241 265 266 270 354 372 397 403 406 407 421 422 437 450 458 478 495 499 500 513 521 523 524 543 558 575 582 592 635 637 644 649 661 677 727 744 776 785 794 801 804 808 854 878 900 952 978 996 
13 31 40 54 61 63 74 109 135 139 146 165 189 192 267 276 287 290 293 301 306 308 312 364 389 393 394 396 411 413 419 445 491 522 525 535 539 550 568 579 589 595 662 668 681 698 703 720 722 724 742 755 774 783 793 856 896 904 918 927 933 936 959 983 
65 82 98 122 130 133 153 174 214 217 288 307 336 342 365 427 448 449 451 459 460 462 466 486 502 530 541 567 594 616 632 633 655 700 706 736 756 757 782 788 797 835 843 844 858 866 869 873 876 901 909 917 929 953 963 972 977 981 986 992 993 
24 37 43 56 57 68 91 97 123 164 168 188 208 230 231 279 296 297 299 309 314 332 348 366 373 395 428 431 435 482 484 485 505 508 517 518 520 597 598 602 603 604 622 626 629 638 684 691 726 749 752 762 773 857 890 902 905 908 939 958 980 
