1 5 15 18 19 21 23 27 30 32 35 42 45 53 57 81 82 94 95 97 104 105 115 121 124 126 128 130 135 138 142 143 154 156 158 159 176 180 183 187 193 195 199 210 212 228 233 241 245 267 273 274 277 280 284 286 288 289 290 305 306 319 321 322 327 331 333 338 341 344 353 365 373 381 386 389 402 406 410 411 414 424 439 440 442 449 460 462 467 473 474 478 482 487 492 493 498 499 502 507 513 520 522 524 534 536 542 550 560 566 572 575 576 579 589 599 604 612 617 626 629 636 643 647 648 660 664 666 669 671 674 677 678 681 689 690 692 701 709 710 714 724 725 732 740 743 744 745 748 749 756 757 758 763 772 788 789 790 792 798 809 813 814 817 836 871 879 886 894 903 905 910 915 920 922 924 925 927 936 950 951 963 968 975 982 989 996 999 
13 62 71 72 76 137 164 167 171 200 219 225 238 248 262 266 272 294 312 385 416 420 528 545 554 570 588 651 653 659 679 684 687 700 702 712 735 793 818 846 895 906 916 923 956 976 
22 114 163 234 345 351 361 367 443 470 480 500 506 512 517 519 521 530 547 553 556 569 571 620 658 723 731 733 746 766 768 776 783 835 854 856 858 900 908 952 984 992 995 998 
8 47 149 174 211 223 252 298 303 329 396 404 421 435 452 481 486 516 529 549 577 591 609 688 706 727 784 794 810 821 823 833 863 882 885 918 934 957 964 972 979 994 
24 54 56 66 182 188 217 236 237 244 360 369 371 375 376 395 397 446 451 463 475 483 491 495 567 590 593 601 603 627 640 707 720 741 747 779 832 840 867 880 887 973 
12 39 46 86 169 181 184 196 255 291 311 332 413 489 503 585 595 602 614 657 668 691 699 704 711 716 750 806 819 820 848 852 881 891 892 913 938 939 947 993 
0 74 78 80 92 118 127 140 157 215 230 246 250 253 263 275 328 364 399 403 437 526 587 606 624 630 726 739 764 844 850 851 864 865 907 970 991 
9 64 89 103 144 147 162 165 177 202 207 268 271 281 320 343 354 374 383 401 415 422 454 514 527 557 565 600 611 638 663 708 769 778 781 786 941 
67 91 122 125 134 160 186 190 293 296 299 301 304 336 348 438 464 501 505 525 551 596 605 607 628 695 721 722 755 780 797 802 811 855 873 928 955 
70 77 87 90 111 136 205 214 247 256 324 339 342 347 357 377 380 387 418 461 476 531 563 594 610 613 644 662 730 828 838 860 888 901 912 935 969 
14 43 48 50 65 166 204 216 218 261 297 308 318 325 366 370 419 430 434 479 548 555 568 598 616 621 693 713 738 812 853 869 872 926 931 943 
11 40 83 85 107 153 221 224 232 239 242 243 260 282 326 350 355 382 394 765 771 777 785 815 837 849 861 876 884 909 959 981 983 
120 191 194 197 226 227 229 313 315 335 340 378 388 407 432 578 597 635 685 705 717 737 752 791 830 859 893 921 974 980 987 988 990 
16 34 37 108 110 148 213 251 278 287 337 362 412 417 423 431 466 468 490 583 622 633 637 762 767 839 874 899 971 997 
20 84 93 112 123 146 168 209 222 292 358 359 408 425 453 471 472 504 510 537 573 645 670 672 736 868 911 917 966 986 
28 96 198 208 240 265 300 307 316 330 356 444 448 456 485 509 586 592 623 719 760 805 807 825 826 831 834 842 942 985 
3 6 31 88 100 106 141 235 249 269 363 368 390 391 458 477 496 508 511 540 639 655 682 715 734 774 775 841 877 
2 7 98 116 152 270 283 400 409 543 544 546 559 615 632 641 696 729 742 754 803 866 883 902 904 946 953 
68 113 117 220 310 436 447 465 484 494 497 581 625 676 683 698 728 773 801 845 857 875 890 948 962 
4 10 36 119 129 131 145 201 254 258 276 334 346 518 561 634 661 751 759 824 862 896 
25 33 41 109 133 151 185 384 405 459 533 535 608 619 649 665 770 827 870 889 897 958 
38 52 61 285 309 349 445 457 558 580 584 642 654 656 667 800 808 816 919 965 
73 75 132 150 323 450 515 541 552 582 650 686 753 898 914 933 967 977 
49 51 60 161 170 203 429 488 574 680 795 799 929 932 937 949 954 
59 99 155 179 192 279 295 352 392 538 564 673 675 782 878 940 960 
26 29 44 101 173 231 302 372 379 426 804 829 843 847 930 944 
55 58 79 189 206 314 398 441 455 539 652 718 761 796 961 978 
69 102 172 175 178 257 264 317 469 532 562 618 694 697 703 822 
17 63 139 259 393 427 428 433 523 631 646 787 945 
