19 23 31 34 40 52 55 57 58 59 68 95 98 100 107 118 119 121 124 131 132 134 137 143 147 153 163 170 171 182 183 193 
11 12 30 32 37 41 44 45 47 48 64 71 72 91 102 110 128 135 144 150 155 158 160 176 186 188 
2 3 5 9 10 17 20 28 38 39 76 84 87 103 104 111 112 113 120 122 130 139 167 175 179 
29 35 49 61 83 85 88 108 115 125 140 141 145 146 149 156 169 173 174 177 178 181 192 195 
13 14 33 60 63 65 69 74 75 77 79 80 81 94 96 101 114 126 151 180 185 194 196 
0 7 21 50 54 70 78 93 109 116 117 133 142 172 184 199 
4 6 15 25 36 51 53 97 106 138 152 157 162 
43 56 62 66 123 129 154 189 190 197 198 
1 27 42 46 67 99 105 148 159 164 168 
22 24 26 82 86 89 92 127 136 165 
8 16 18 73 90 161 166 187 191 
