11 12 13 30 32 37 47 48 60 62 66 71 91 107 110 126 135 150 154 155 158 160 176 188 
14 33 63 64 65 69 74 75 77 79 80 81 94 96 101 114 151 180 185 194 196 
9 35 52 61 72 88 98 103 112 115 124 141 146 169 174 186 
15 27 28 53 59 84 104 111 119 139 143 148 152 157 166 167 
2 3 5 10 17 20 38 39 76 87 113 120 130 175 179 
7 21 50 54 70 78 93 109 116 117 133 142 172 184 199 
8 16 18 45 73 85 90 102 144 161 178 183 187 191 
0 23 40 58 83 106 118 122 134 137 156 182 
19 31 34 55 57 121 147 153 163 170 171 193 
29 49 108 125 140 145 149 173 177 181 192 195 
22 24 26 82 86 89 92 127 128 136 165 
1 41 42 46 67 99 105 159 164 168 
4 6 25 36 51 97 138 162 
43 56 123 129 189 190 197 198 
44 68 95 100 131 132 
