0 134 136 137 13 14 16 145 147 148 149 22 23 150 25 26 155 157 30 159 32 33 161 35 158 166 167 42 173 174 176 48 50 178 52 181 54 51 184 180 58 59 60 193 195 67 197 70 71 74 79 84 94 96 103 109 119 125 
2 7 140 142 17 146 24 40 46 55 189 63 196 199 72 76 82 83 99 104 108 110 115 120 122 
1 138 11 152 163 175 57 187 188 65 73 75 77 78 85 92 93 98 100 101 112 117 124 
3 131 4 5 10 139 12 15 21 151 34 37 45 186 190 81 90 91 107 113 116 
191 164 141 179 86 183 153 154 31 
64 162 66 132 135 143 53 87 56 
165 6 43 111 114 185 123 
130 68 172 118 89 27 95 
133 168 41 106 144 177 80 
102 39 8 171 47 182 
129 69 38 19 28 62 
198 169 20 88 61 127 
128 194 44 49 121 29 
160 36 9 156 126 
192 97 18 105 
170 
