137 13 14 145 148 22 23 150 25 155 30 158 32 33 161 166 171 174 178 51 52 180 58 59 60 193 67 197 70 74 79 94 96 125 
3 4 5 131 10 139 12 15 18 21 151 34 37 45 186 61 190 192 81 90 91 97 105 107 113 116 
0 134 136 16 147 149 157 159 35 167 42 173 48 176 50 181 54 184 195 71 84 103 109 119 
1 138 11 152 163 175 57 187 188 65 73 75 77 78 85 92 93 98 100 101 112 117 124 
128 8 9 20 26 156 29 160 36 39 169 170 44 47 49 182 194 198 88 102 121 126 127 
2 165 6 40 43 76 140 46 111 114 83 146 55 24 185 123 
99 196 7 72 104 199 108 110 142 17 82 115 120 122 189 63 
191 130 153 68 164 172 141 179 183 86 118 89 154 27 95 31 
129 69 38 133 168 41 106 80 144 177 19 28 62 
64 66 162 132 135 143 53 87 56 
