11 12 15 30 32 37 38 41 44 47 48 60 72 91 102 107 111 113 126 135 144 150 153 154 155 158 160 176 182 188 
14 33 43 56 65 69 74 75 77 79 80 81 94 96 101 114 148 151 180 185 194 196 
7 21 50 70 78 109 116 117 133 142 172 184 
16 76 83 85 100 145 156 174 177 178 192 
1 42 46 105 164 168 
19 34 55 57 147 171 
25 36 51 97 162 
28 84 104 119 167 
35 88 141 146 169 
8 18 161 187 
26 86 89 92 
29 108 125 181 
31 121 193 
62 99 189 
2 17 
4 6 
22 24 
23 143 
52 98 
59 166 
68 132 
73 191 
106 122 
131 137 
190 197 
0 
3 
5 
9 
10 
13 
20 
27 
39 
40 
45 
49 
53 
54 
58 
61 
63 
64 
66 
67 
71 
82 
87 
90 
93 
95 
103 
110 
112 
115 
118 
120 
123 
124 
127 
128 
129 
130 
134 
136 
138 
139 
140 
149 
152 
157 
159 
163 
165 
170 
173 
175 
179 
183 
186 
195 
198 
199 
