12 13 14 142 145 147 21 150 151 27 155 29 32 33 165 39 42 173 179 180 53 57 58 64 65 195 76 79 84 91 102 108 109 119 
135 137 149 157 31 161 34 36 164 166 169 171 175 176 47 48 181 184 188 196 77 104 110 122 
0 130 11 139 153 170 172 177 178 50 63 71 80 82 83 89 99 100 101 103 106 107 120 
2 3 4 134 7 9 15 22 23 46 186 59 60 193 92 95 96 105 112 113 
129 67 163 197 198 167 199 72 74 40 174 16 116 123 189 94 127 
98 132 5 68 140 45 111 143 54 152 61 
1 194 141 81 18 52 24 187 159 
131 8 136 138 10 78 144 93 30 
160 190 51 117 183 56 158 156 62 
162 75 114 115 19 185 25 191 
192 133 154 41 87 121 26 
69 37 38 168 73 44 88 
35 6 86 118 124 125 
128 66 70 17 49 146 
97 43 20 55 90 126 
148 28 85 182 
