4 6 15 23 25 28 36 51 53 59 84 97 104 111 118 119 120 122 138 139 143 152 157 162 166 167 
11 12 30 37 44 45 47 48 64 71 72 91 102 123 126 128 135 144 154 155 158 176 186 
13 14 33 60 63 65 69 74 75 77 79 80 81 94 96 101 114 151 180 185 188 194 196 
10 20 31 35 39 76 85 88 112 115 121 124 130 141 146 156 163 169 170 174 193 
7 21 49 50 54 70 78 109 116 117 133 142 145 149 172 173 179 184 199 
0 19 34 40 55 57 58 83 106 107 134 147 153 160 171 182 183 
8 16 18 62 73 90 93 161 178 187 191 
32 43 56 66 110 129 150 189 190 197 198 
1 41 42 46 67 99 105 159 164 168 
2 3 5 17 38 61 87 103 113 175 
22 24 26 82 86 89 92 127 136 165 
27 29 108 125 140 148 177 181 192 195 
9 52 68 95 98 100 131 132 137 
