0 1 21 22 23 31 33 48 49 51 52 58 62 70 71 75 76 77 81 93 96 103 107 125 143 151 152 155 158 161 164 176 178 183 184 194 
6 7 8 15 26 32 37 42 44 47 61 65 66 73 89 116 117 132 134 167 169 181 189 193 195 196 
2 3 25 30 45 46 50 53 54 55 67 83 94 112 136 139 145 149 171 173 177 180 186 187 197 
10 11 14 17 56 68 72 78 80 84 87 88 91 106 124 126 140 142 146 172 174 175 198 199 
4 63 74 90 97 99 100 101 102 104 105 110 119 120 122 127 130 137 160 163 188 191 192 
16 28 35 57 86 118 121 131 141 147 153 182 
38 40 60 79 98 113 114 115 123 150 162 
19 20 27 39 64 85 135 156 157 166 
5 9 18 34 109 111 128 170 185 
12 13 69 82 92 129 138 144 148 
36 41 43 95 165 168 179 190 
24 29 59 108 133 154 159 
