12 13 14 142 145 147 21 150 151 27 155 29 32 33 165 39 42 173 179 180 53 57 58 64 65 195 76 79 84 91 102 108 109 119 
131 132 5 8 136 138 10 140 143 144 148 152 156 28 158 30 160 45 51 54 183 56 182 61 62 190 68 78 85 93 98 111 117 
135 137 149 157 31 161 34 36 164 166 169 171 175 176 47 48 181 184 188 196 77 104 110 122 
0 130 11 139 153 170 172 177 178 50 63 71 80 82 83 89 99 100 101 103 106 107 120 
2 3 4 134 7 9 15 22 23 46 186 59 60 193 92 95 96 105 112 113 
129 67 163 197 198 167 199 72 74 174 16 116 123 189 94 127 
97 35 6 43 20 55 86 118 90 124 125 126 
1 194 141 81 18 52 24 187 159 
162 75 114 115 19 185 25 191 
128 66 70 40 17 49 146 
192 133 154 41 87 121 26 
69 37 38 168 73 44 88 
