2 3 4 6 7 134 9 135 137 141 15 149 22 23 157 31 161 34 35 36 164 166 169 171 46 47 48 175 176 181 184 186 59 60 61 188 193 196 70 77 86 88 92 95 96 104 105 110 112 113 118 122 124 125 
128 12 13 14 142 145 146 147 21 150 151 27 155 29 32 33 165 39 42 173 49 179 180 53 57 58 64 65 66 195 69 76 79 84 91 102 108 109 119 
0 130 11 139 17 153 170 172 177 50 178 63 71 80 82 83 89 99 100 101 103 106 107 120 
129 16 20 163 167 43 174 55 189 67 197 198 199 72 74 90 94 97 116 123 126 127 
98 68 5 132 140 45 111 143 54 152 
131 8 136 10 138 78 144 93 30 
160 190 51 117 183 56 158 156 62 
1 194 81 18 52 24 187 159 
162 185 75 114 115 19 25 191 
192 133 154 41 87 121 26 
37 38 168 73 44 
148 28 85 182 
40 
