12 13 14 21 27 29 32 33 37 38 39 42 44 53 57 58 64 65 69 73 76 79 88 91 102 108 109 119 142 145 147 150 151 155 165 168 173 179 180 195 
0 11 50 63 71 80 82 83 84 89 99 100 101 103 106 107 120 130 139 153 170 172 177 178 
31 34 36 47 48 77 104 110 122 135 137 149 157 161 164 166 169 171 175 176 181 184 188 196 
2 3 4 7 9 15 22 23 46 59 60 92 95 96 105 112 113 134 186 193 
16 67 72 74 94 116 123 127 129 163 167 174 189 197 198 199 
5 45 54 61 68 98 111 132 140 143 152 
1 18 24 52 81 141 159 187 194 
8 10 30 78 93 131 136 138 144 
51 56 62 117 156 158 160 183 190 
19 25 75 114 115 162 185 191 
17 40 49 66 70 128 146 
26 41 87 121 133 154 192 
6 35 86 118 124 125 
20 43 55 90 97 126 
28 85 148 182 
