47 113 126 154 155 160 188 
33 75 81 96 185 194 
8 161 187 
28 104 167 
43 77 114 
7 117 
31 121 
52 98 
59 166 
68 132 
85 178 
89 92 
108 181 
141 169 
0 
1 
2 
3 
4 
5 
6 
9 
10 
11 
12 
13 
14 
15 
16 
17 
18 
19 
20 
21 
22 
23 
24 
25 
26 
27 
29 
30 
32 
34 
35 
36 
37 
38 
39 
40 
41 
42 
44 
45 
46 
48 
49 
50 
51 
53 
54 
55 
56 
57 
58 
60 
61 
62 
63 
64 
65 
66 
67 
69 
70 
71 
72 
73 
74 
76 
78 
79 
80 
82 
83 
84 
86 
87 
88 
90 
91 
93 
94 
95 
97 
99 
100 
101 
102 
103 
105 
106 
107 
109 
110 
111 
112 
115 
116 
118 
119 
120 
122 
123 
124 
125 
127 
128 
129 
130 
131 
133 
134 
135 
136 
137 
138 
139 
140 
142 
143 
144 
145 
146 
147 
148 
149 
150 
151 
152 
153 
156 
157 
158 
159 
162 
163 
164 
165 
168 
170 
171 
172 
173 
174 
175 
176 
177 
179 
180 
182 
183 
184 
186 
189 
190 
191 
192 
193 
195 
196 
197 
198 
199 
